0.000000	0.000000
0.020443	57.767000
0.040886	57.689000
0.061329	57.632000
0.081772	57.592000
0.102215	57.554000
0.122658	57.527000
0.143101	57.505000
0.163543	57.483000
0.183986	57.461000
0.204429	57.450000
0.224872	57.445000
0.245315	57.429000
0.265758	57.424000
0.286201	57.399000
0.306644	57.387000
0.327087	57.380000
0.347530	57.368000
0.367973	57.381000
0.388416	57.437000
0.408859	44.464000
0.429302	42.449000
0.449744	41.958000
0.470187	41.617000
0.490630	41.351000
0.511073	41.122000
0.531516	40.935000
0.551959	40.760000
0.572402	40.616000
0.592845	40.487000
0.613288	40.366000
0.633731	40.246000
0.654174	40.149000
0.674617	40.050000
0.695060	39.971000
0.715503	39.899000
0.735945	39.820000
0.756388	39.754000
0.776831	39.689000
0.797274	39.636000
0.817717	39.564000
0.838160	39.516000
0.858603	39.475000
0.879046	39.430000
0.899489	39.381000
0.919932	39.336000
0.940375	39.315000
0.960818	39.264000
0.981261	39.249000
1.001704	39.194000
1.022147	39.173000
1.042589	39.159000
1.063032	39.127000
1.083475	39.105000
1.103918	39.091000
1.124361	39.074000
1.144804	39.058000
1.165247	39.042000
1.185690	39.028000
1.206133	39.019000
1.226576	39.013000
1.247019	38.998000
1.267462	38.986000
1.287905	38.974000
1.308348	38.962000
1.328790	38.958000
1.349233	38.948000
1.369676	38.938000
1.390119	38.928000
1.410562	38.917000
1.431005	38.908000
1.451448	38.900000
1.471891	38.891000
1.492334	38.884000
1.512777	38.878000
1.533220	38.871000
1.553663	38.865000
1.574106	38.859000
1.594549	38.854000
1.614992	38.849000
1.635434	38.843000
1.655877	38.837000
1.676320	38.832000
1.696763	38.828000
1.717206	38.823000
1.737649	38.818000
1.758092	38.814000
1.778535	38.809000
1.798978	38.805000
1.819421	38.800000
1.839864	38.797000
1.860307	38.793000
1.880750	38.790000
1.901193	38.786000
1.921635	38.782000
1.942078	38.778000
1.962521	38.773000
1.982964	38.769000
2.003407	38.764000
2.023850	38.760000
2.044293	38.756000
2.064736	38.752000
2.085179	38.747000
2.105622	38.743000
2.126065	38.739000
2.146508	38.735000
2.166951	38.731000
2.187394	38.727000
2.207836	38.723000
2.228279	38.719000
2.248722	38.714000
2.269165	38.710000
2.289608	38.706000
2.310051	38.702000
2.330494	38.698000
2.350937	38.694000
2.371380	38.690000
2.391823	38.686000
2.412266	38.682000
2.432709	38.679000
2.453152	38.675000
2.473595	38.671000
2.494038	38.668000
2.514480	38.664000
2.534923	38.661000
2.555366	38.657000
2.575809	38.654000
2.596252	38.650000
2.616695	38.646000
2.637138	38.643000
2.657581	38.639000
2.678024	38.635000
2.698467	38.631000
2.718910	38.626000
2.739353	38.622000
2.759796	38.618000
2.780239	38.614000
2.800681	38.610000
2.821124	38.606000
2.841567	38.601000
2.862010	38.597000
2.882453	38.592000
2.902896	38.588000
2.923339	38.584000
2.943782	38.579000
2.964225	38.574000
2.984668	38.569000
3.005111	38.564000
3.025554	38.559000
3.045997	38.554000
3.066440	38.550000
3.086882	38.545000
3.107325	38.541000
3.127768	38.536000
3.148211	38.532000
3.168654	38.527000
3.189097	38.522000
3.209540	38.517000
3.229983	38.513000
3.250426	38.508000
3.270869	38.503000
3.291312	38.498000
3.311755	38.494000
3.332198	38.489000
3.352641	38.484000
3.373084	38.480000
3.393526	38.476000
3.413969	38.471000
3.434412	38.467000
3.454855	38.462000
3.475298	38.458000
3.495741	38.453000
3.516184	38.448000
3.536627	38.444000
3.557070	38.440000
3.577513	38.436000
3.597956	38.432000
3.618399	38.427000
3.638842	38.423000
3.659285	38.419000
3.679727	38.415000
3.700170	38.410000
3.720613	38.406000
3.741056	38.402000
3.761499	38.398000
3.781942	38.393000
3.802385	38.389000
3.822828	38.385000
3.843271	38.381000
3.863714	38.377000
3.884157	38.374000
3.904600	38.370000
3.925043	38.367000
3.945486	38.363000
3.965929	38.359000
3.986371	38.355000
4.006814	38.351000
4.027257	38.348000
4.047700	38.344000
4.068143	38.340000
4.088586	38.337000
4.109029	38.333000
4.129472	38.330000
4.149915	38.325000
4.170358	38.321000
4.190801	38.317000
4.211244	38.314000
4.231687	38.310000
4.252130	38.306000
4.272572	38.302000
4.293015	38.298000
4.313458	38.294000
4.333901	38.290000
4.354344	38.286000
4.374787	38.282000
4.395230	38.278000
4.415673	38.273000
4.436116	38.269000
4.456559	38.265000
4.477002	38.262000
4.497445	38.257000
4.517888	38.254000
4.538331	38.250000
4.558773	38.246000
4.579216	38.242000
4.599659	38.238000
4.620102	38.234000
4.640545	38.230000
4.660988	38.227000
4.681431	38.223000
4.701874	38.219000
4.722317	38.215000
4.742760	38.211000
4.763203	38.207000
4.783646	38.203000
4.804089	38.199000
4.824532	38.196000
4.844975	38.192000
4.865417	38.187000
4.885860	38.183000
4.906303	38.178000
4.926746	38.174000
4.947189	38.170000
4.967632	38.166000
4.988075	38.162000
5.008518	38.158000
5.028961	38.154000
5.049404	38.149000
5.069847	38.145000
5.090290	38.141000
5.110733	38.137000
5.131176	38.133000
5.151618	38.129000
5.172061	38.125000
5.192504	38.121000
5.212947	38.116000
5.233390	38.112000
5.253833	38.108000
5.274276	38.104000
5.294719	38.100000
5.315162	38.095000
5.335605	38.091000
5.356048	38.087000
5.376491	38.083000
5.396934	38.079000
5.417377	38.075000
5.437819	38.071000
5.458262	38.067000
5.478705	38.063000
5.499148	38.059000
5.519591	38.055000
5.540034	38.051000
5.560477	38.047000
5.580920	38.043000
5.601363	38.039000
5.621806	38.035000
5.642249	38.031000
5.662692	38.027000
5.683135	38.023000
5.703578	38.020000
5.724021	38.016000
5.744463	38.011000
5.764906	38.008000
5.785349	38.003000
5.805792	38.000000
5.826235	37.995000
5.846678	37.992000
5.867121	37.988000
5.887564	37.984000
5.908007	37.979000
5.928450	37.975000
5.948893	37.971000
5.969336	37.967000
5.989779	37.963000
6.010222	37.959000
6.030664	37.955000
6.051107	37.950000
6.071550	37.946000
6.091993	37.941000
6.112436	37.936000
6.132879	37.931000
6.153322	37.925000
6.173765	37.919000
6.194208	37.913000
6.214651	37.906000
6.235094	37.897000
6.255537	37.890000
6.275980	37.881000
6.296423	37.872000
6.316866	37.864000
6.337308	37.854000
6.357751	37.845000
6.378194	37.835000
6.398637	37.825000
6.419080	37.814000
6.439523	37.808000
6.459966	37.790000
6.480409	37.779000
6.500852	37.768000
6.521295	37.757000
6.541738	37.746000
6.562181	37.736000
6.582624	37.726000
6.603067	37.717000
6.623509	37.702000
6.643952	37.699000
6.664395	37.690000
6.684838	37.682000
6.705281	37.674000
6.725724	37.667000
6.746167	37.660000
6.766610	37.654000
6.787053	37.648000
6.807496	37.642000
6.827939	37.637000
6.848382	37.632000
6.868825	37.628000
6.889268	37.623000
6.909710	37.619000
6.930153	37.615000
6.950596	37.611000
6.971039	37.606000
6.991482	37.602000
7.011925	37.598000
7.032368	37.593000
7.052811	37.590000
7.073254	37.585000
7.093697	37.581000
7.114140	37.577000
7.134583	37.573000
7.155026	37.567000
7.175469	37.562000
7.195912	37.557000
7.216354	37.551000
7.236797	37.545000
7.257240	37.539000
7.277683	37.533000
7.298126	37.526000
7.318569	37.518000
7.339012	37.511000
7.359455	37.503000
7.379898	37.495000
7.400341	37.487000
7.420784	37.478000
7.441227	37.469000
7.461670	37.460000
7.482113	37.450000
7.502555	37.439000
7.522998	37.429000
7.543441	37.419000
7.563884	37.409000
7.584327	37.400000
7.604770	37.391000
7.625213	37.381000
7.645656	37.371000
7.666099	37.363000
7.686542	37.354000
7.706985	37.346000
7.727428	37.338000
7.747871	37.331000
7.768314	37.324000
7.788757	37.316000
7.809199	37.309000
7.829642	37.304000
7.850085	37.298000
7.870528	37.292000
7.890971	37.288000
7.911414	37.284000
7.931857	37.279000
7.952300	37.275000
7.972743	37.271000
7.993186	37.267000
8.013629	37.264000
8.034072	37.260000
8.054515	37.256000
8.074958	37.251000
8.095400	37.248000
8.115843	37.244000
8.136286	37.240000
8.156729	37.236000
8.177172	37.233000
8.197615	37.229000
8.218058	37.225000
8.238501	37.221000
8.258944	37.217000
8.279387	37.212000
8.299830	37.208000
8.320273	37.204000
8.340716	37.200000
8.361159	37.196000
8.381601	37.191000
8.402044	37.186000
8.422487	37.181000
8.442930	37.177000
8.463373	37.172000
8.483816	37.167000
8.504259	37.162000
8.524702	37.157000
8.545145	37.151000
8.565588	37.146000
8.586031	37.141000
8.606474	37.136000
8.626917	37.132000
8.647360	37.128000
8.667803	37.123000
8.688245	37.118000
8.708688	37.114000
8.729131	37.110000
8.749574	37.105000
8.770017	37.101000
8.790460	37.097000
8.810903	37.093000
8.831346	37.089000
8.851789	37.085000
8.872232	37.082000
8.892675	37.079000
8.913118	37.076000
8.933561	37.073000
8.954004	37.069000
8.974446	37.066000
8.994889	37.062000
9.015332	37.058000
9.035775	37.054000
9.056218	37.051000
9.076661	37.047000
9.097104	37.042000
9.117547	37.038000
9.137990	37.033000
9.158433	37.029000
9.178876	37.025000
9.199319	37.021000
9.219762	37.016000
9.240205	37.012000
9.260647	37.007000
9.281090	37.002000
9.301533	36.998000
9.321976	36.994000
9.342419	36.989000
9.362862	36.985000
9.383305	36.980000
9.403748	36.975000
9.424191	36.968000
9.444634	36.962000
9.465077	36.956000
9.485520	36.951000
9.505963	36.945000
9.526406	36.939000
9.546849	36.932000
9.567291	36.925000
9.587734	36.918000
9.608177	36.911000
9.628620	36.902000
9.649063	36.894000
9.669506	36.886000
9.689949	36.878000
9.710392	36.869000
9.730835	36.860000
9.751278	36.850000
9.771721	36.841000
9.792164	36.833000
9.812607	36.825000
9.833050	36.817000
9.853492	36.809000
9.873935	36.801000
9.894378	36.793000
9.914821	36.786000
9.935264	36.779000
9.955707	36.773000
9.976150	36.766000
9.996593	36.759000
10.017036	36.754000
10.037479	36.747000
10.057922	36.742000
10.078365	36.738000
10.098808	36.733000
10.119251	36.729000
10.139694	36.724000
10.160136	36.720000
10.180579	36.716000
10.201022	36.712000
10.221465	36.708000
10.241908	36.705000
10.262351	36.700000
10.282794	36.697000
10.303237	36.692000
10.323680	36.688000
10.344123	36.683000
10.364566	36.679000
10.385009	36.675000
10.405452	36.670000
10.425895	36.666000
10.446337	36.662000
10.466780	36.657000
10.487223	36.652000
10.507666	36.648000
10.528109	36.643000
10.548552	36.639000
10.568995	36.634000
10.589438	36.629000
10.609881	36.624000
10.630324	36.619000
10.650767	36.614000
10.671210	36.610000
10.691653	36.605000
10.712096	36.600000
10.732538	36.595000
10.752981	36.591000
10.773424	36.586000
10.793867	36.581000
10.814310	36.576000
10.834753	36.571000
10.855196	36.566000
10.875639	36.562000
10.896082	36.558000
10.916525	36.553000
10.936968	36.549000
10.957411	36.544000
10.977854	36.540000
10.998297	36.536000
11.018740	36.531000
11.039182	36.527000
11.059625	36.523000
11.080068	36.520000
11.100511	36.515000
11.120954	36.511000
11.141397	36.507000
11.161840	36.502000
11.182283	36.498000
11.202726	36.494000
11.223169	36.490000
11.243612	36.486000
11.264055	36.481000
11.284498	36.477000
11.304941	36.472000
11.325383	36.467000
11.345826	36.463000
11.366269	36.459000
11.386712	36.454000
11.407155	36.450000
11.427598	36.445000
11.448041	36.439000
11.468484	36.433000
11.488927	36.429000
11.509370	36.425000
11.529813	36.420000
11.550256	36.416000
11.570699	36.412000
11.591142	36.407000
11.611584	36.402000
11.632027	36.398000
11.652470	36.393000
11.672913	36.389000
11.693356	36.385000
11.713799	36.381000
11.734242	36.378000
11.754685	36.374000
11.775128	36.370000
11.795571	36.366000
11.816014	36.363000
11.836457	36.359000
11.856900	36.356000
11.877343	36.352000
11.897786	36.348000
11.918228	36.344000
11.938671	36.339000
11.959114	36.335000
11.979557	36.332000
12.000000	36.328000
12.020443	36.324000
12.040886	36.319000
12.061329	36.316000
12.081772	36.312000
12.102215	36.307000
12.122658	36.303000
12.143101	36.298000
12.163544	36.293000
12.183987	36.287000
12.204429	36.283000
12.224872	36.279000
12.245315	36.274000
12.265758	36.270000
12.286201	36.265000
12.306644	36.260000
12.327087	36.256000
12.347530	36.252000
12.367973	36.249000
12.388416	36.244000
12.408859	36.241000
12.429302	36.237000
12.449745	36.233000
12.470188	36.227000
12.490631	36.223000
12.511073	36.217000
12.531516	36.213000
12.551959	36.209000
12.572402	36.205000
12.592845	36.201000
12.613288	36.195000
12.633731	36.190000
12.654174	36.184000
12.674617	36.179000
12.695060	36.172000
12.715503	36.166000
12.735946	36.159000
12.756389	36.150000
12.776832	36.142000
12.797274	36.134000
12.817717	36.125000
12.838160	36.116000
12.858603	36.107000
12.879046	36.098000
12.899489	36.089000
12.919932	36.079000
12.940375	36.070000
12.960818	36.060000
12.981261	36.050000
13.001704	36.041000
13.022147	36.032000
13.042590	36.023000
13.063033	36.015000
13.083475	36.007000
13.103918	35.999000
13.124361	35.992000
13.144804	35.986000
13.165247	35.980000
13.185690	35.974000
13.206133	35.968000
13.226576	35.962000
13.247019	35.957000
13.267462	35.952000
13.287905	35.947000
13.308348	35.942000
13.328791	35.939000
13.349234	35.935000
13.369677	35.931000
13.390119	35.927000
13.410562	35.923000
13.431005	35.919000
13.451448	35.915000
13.471891	35.912000
13.492334	35.907000
13.512777	35.903000
13.533220	35.900000
13.553663	35.896000
13.574106	35.891000
13.594549	35.888000
13.614992	35.885000
13.635435	35.881000
13.655878	35.878000
13.676320	35.875000
13.696763	35.873000
13.717206	35.869000
13.737649	35.866000
13.758092	35.862000
13.778535	35.858000
13.798978	35.854000
13.819421	35.851000
13.839864	35.847000
13.860307	35.843000
13.880750	35.840000
13.901193	35.837000
13.921636	35.833000
13.942079	35.829000
13.962521	35.826000
13.982964	35.823000
14.003407	35.819000
14.023850	35.815000
14.044293	35.811000
14.064736	35.807000
14.085179	35.803000
14.105622	35.798000
14.126065	35.794000
14.146508	35.790000
14.166951	35.785000
14.187394	35.781000
14.207837	35.776000
14.228280	35.771000
14.248723	35.764000
14.269165	35.757000
14.289608	35.748000
14.310051	35.745000
14.330494	35.748000
14.350937	35.739000
14.371380	35.741000
14.391823	35.735000
14.412266	35.723000
14.432709	35.706000
14.453152	35.684000
14.473595	35.646000
14.494038	35.610000
14.514481	35.619000
14.534924	35.583000
14.555366	35.568000
14.575809	35.553000
14.596252	35.529000
14.616695	35.478000
14.637138	35.443000
14.657581	35.434000
14.678024	35.378000
14.698467	35.357000
14.718910	35.325000
14.739353	35.295000
14.759796	35.265000
14.780239	35.221000
14.800682	35.208000
14.821125	35.199000
14.841568	35.169000
14.862010	35.174000
14.882453	35.147000
14.902896	35.152000
14.923339	35.109000
14.943782	35.105000
14.964225	35.107000
14.984668	35.074000
15.005111	35.071000
15.025554	35.074000
15.045997	35.077000
15.066440	35.064000
15.086883	35.068000
15.107326	35.061000
15.127769	35.056000
15.148211	35.051000
15.168654	35.046000
15.189097	35.043000
15.209540	35.038000
15.229983	35.035000
15.250426	35.029000
15.270869	35.025000
15.291312	35.020000
15.311755	35.016000
15.332198	35.012000
15.352641	35.007000
15.373084	35.004000
15.393527	35.000000
15.413970	34.996000
15.434412	34.993000
15.454855	34.989000
15.475298	34.985000
15.495741	34.979000
15.516184	34.975000
15.536627	34.969000
15.557070	34.965000
15.577513	34.959000
15.597956	34.956000
15.618399	34.952000
15.638842	34.949000
15.659285	34.945000
15.679728	34.942000
15.700171	34.938000
15.720614	34.936000
15.741056	34.932000
15.761499	34.928000
15.781942	34.924000
15.802385	34.920000
15.822828	34.915000
15.843271	34.911000
15.863714	34.907000
15.884157	34.904000
15.904600	34.899000
15.925043	34.897000
15.945486	34.892000
15.965929	34.890000
15.986372	34.886000
16.006815	34.882000
16.027257	34.878000
16.047700	34.873000
16.068143	34.868000
16.088586	34.864000
16.109029	34.859000
16.129472	34.854000
16.149915	34.849000
16.170358	34.844000
16.190801	34.839000
16.211244	34.835000
16.231687	34.829000
16.252130	34.825000
16.272573	34.820000
16.293016	34.817000
16.313458	34.813000
16.333901	34.807000
16.354344	34.801000
16.374787	34.797000
16.395230	34.791000
16.415673	34.786000
16.436116	34.782000
16.456559	34.777000
16.477002	34.771000
16.497445	34.767000
16.517888	34.762000
16.538331	34.757000
16.558774	34.755000
16.579217	34.750000
16.599660	34.745000
16.620102	34.741000
16.640545	34.737000
16.660988	34.733000
16.681431	34.728000
16.701874	34.725000
16.722317	34.720000
16.742760	34.719000
16.763203	34.711000
16.783646	34.704000
16.804089	34.704000
16.824532	34.700000
16.844975	34.696000
16.865418	34.693000
16.885861	34.687000
16.906303	34.684000
16.926746	34.680000
16.947189	34.674000
16.967632	34.671000
16.988075	34.667000
17.008518	34.662000
17.028961	34.656000
17.049404	34.652000
17.069847	34.648000
17.090290	34.642000
17.110733	34.638000
17.131176	34.633000
17.151619	34.629000
17.172062	34.624000
17.192505	34.619000
17.212947	34.614000
17.233390	34.610000
17.253833	34.606000
17.274276	34.601000
17.294719	34.596000
17.315162	34.592000
17.335605	34.586000
17.356048	34.580000
17.376491	34.577000
17.396934	34.573000
17.417377	34.568000
17.437820	34.564000
17.458263	34.560000
17.478706	34.555000
17.499148	34.550000
17.519591	34.547000
17.540034	34.542000
17.560477	34.538000
17.580920	34.533000
17.601363	34.529000
17.621806	34.525000
17.642249	34.520000
17.662692	34.516000
17.683135	34.511000
17.703578	34.508000
17.724021	34.504000
17.744464	34.498000
17.764907	34.493000
17.785349	34.488000
17.805792	34.484000
17.826235	34.481000
17.846678	34.475000
17.867121	34.471000
17.887564	34.467000
17.908007	34.463000
17.928450	34.458000
17.948893	34.453000
17.969336	34.449000
17.989779	34.441000
18.010222	34.441000
18.030665	34.429000
18.051108	34.429000
18.071551	34.419000
18.091993	34.423000
18.112436	34.409000
18.132879	34.405000
18.153322	34.399000
18.173765	34.381000
18.194208	34.390000
18.214651	34.379000
18.235094	34.377000
18.255537	34.371000
18.275980	34.365000
18.296423	34.357000
18.316866	34.352000
18.337309	34.345000
18.357752	34.345000
18.378194	34.336000
18.398637	34.331000
18.419080	34.327000
18.439523	34.322000
18.459966	34.315000
18.480409	34.309000
18.500852	34.304000
18.521295	34.293000
18.541738	34.294000
18.562181	34.288000
18.582624	34.283000
18.603067	34.276000
18.623510	34.272000
18.643953	34.266000
18.664395	34.261000
18.684838	34.256000
18.705281	34.251000
18.725724	34.251000
18.746167	34.243000
18.766610	34.239000
18.787053	34.230000
18.807496	34.228000
18.827939	34.224000
18.848382	34.220000
18.868825	34.215000
18.889268	34.210000
18.909711	34.206000
18.930154	34.200000
18.950597	34.194000
18.971039	34.189000
18.991482	34.187000
19.011925	34.183000
19.032368	34.180000
19.052811	34.175000
19.073254	34.171000
19.093697	34.168000
19.114140	34.163000
19.134583	34.158000
19.155026	34.153000
19.175469	34.151000
19.195912	34.146000
19.216355	34.141000
19.236798	34.139000
19.257240	34.135000
19.277683	34.130000
19.298126	34.125000
19.318569	34.121000
19.339012	34.118000
19.359455	34.118000
19.379898	34.108000
19.400341	34.103000
19.420784	34.098000
19.441227	34.096000
19.461670	34.093000
19.482113	34.087000
19.502556	34.084000
19.522999	34.078000
19.543442	34.073000
19.563884	34.067000
19.584327	34.064000
19.604770	34.057000
19.625213	34.050000
19.645656	34.045000
19.666099	34.039000
19.686542	34.033000
19.706985	34.026000
19.727428	34.021000
19.747871	34.013000
19.768314	34.005000
19.788757	33.999000
19.809200	33.989000
19.829643	33.981000
19.850085	33.973000
19.870528	33.964000
19.890971	33.955000
19.911414	33.947000
19.931857	33.938000
19.952300	33.931000
19.972743	33.921000
19.993186	33.914000
20.013629	33.905000
20.034072	33.898000
20.054515	33.892000
20.074958	33.882000
20.095401	33.878000
20.115844	33.870000
20.136286	33.866000
20.156729	33.860000
20.177172	33.856000
20.197615	33.853000
20.218058	33.848000
20.238501	33.844000
20.258944	33.839000
20.279387	33.836000
20.299830	33.831000
20.320273	33.828000
20.340716	33.823000
20.361159	33.818000
20.381602	33.813000
20.402045	33.811000
20.422488	33.805000
20.442930	33.801000
20.463373	33.799000
20.483816	33.793000
20.504259	33.788000
20.524702	33.783000
20.545145	33.778000
20.565588	33.771000
20.586031	33.764000
20.606474	33.758000
20.626917	33.753000
20.647360	33.749000
20.667803	33.743000
20.688246	33.737000
20.708689	33.732000
20.729131	33.729000
20.749574	33.724000
20.770017	33.721000
20.790460	33.716000
20.810903	33.714000
20.831346	33.709000
20.851789	33.705000
20.872232	33.699000
20.892675	33.696000
20.913118	33.690000
20.933561	33.688000
20.954004	33.686000
20.974447	33.685000
20.994890	33.680000
21.015333	33.677000
21.035775	33.673000
21.056218	33.670000
21.076661	33.666000
21.097104	33.661000
21.117547	33.658000
21.137990	33.653000
21.158433	33.648000
21.178876	33.646000
21.199319	33.643000
21.219762	33.638000
21.240205	33.635000
21.260648	33.631000
21.281091	33.627000
21.301534	33.624000
21.321976	33.619000
21.342419	33.614000
21.362862	33.610000
21.383305	33.605000
21.403748	33.603000
21.424191	33.597000
21.444634	33.594000
21.465077	33.589000
21.485520	33.587000
21.505963	33.582000
21.526406	33.579000
21.546849	33.576000
21.567292	33.571000
21.587735	33.565000
21.608177	33.562000
21.628620	33.556000
21.649063	33.552000
21.669506	33.549000
21.689949	33.543000
21.710392	33.539000
21.730835	33.535000
21.751278	33.529000
21.771721	33.524000
21.792164	33.518000
21.812607	33.515000
21.833050	33.509000
21.853493	33.505000
21.873936	33.501000
21.894379	33.496000
21.914821	33.492000
21.935264	33.487000
21.955707	33.482000
21.976150	33.478000
21.996593	33.474000
22.017036	33.470000
22.037479	33.466000
22.057922	33.460000
22.078365	33.458000
22.098808	33.453000
22.119251	33.447000
22.139694	33.446000
22.160137	33.442000
22.180580	33.438000
22.201022	33.434000
22.221465	33.431000
22.241908	33.427000
22.262351	33.423000
22.282794	33.420000
22.303237	33.413000
22.323680	33.408000
22.344123	33.406000
22.364566	33.402000
22.385009	33.396000
22.405452	33.391000
22.425895	33.386000
22.446338	33.382000
22.466781	33.379000
22.487223	33.375000
22.507666	33.370000
22.528109	33.362000
22.548552	33.362000
22.568995	33.356000
22.589438	33.352000
22.609881	33.347000
22.630324	33.342000
22.650767	33.337000
22.671210	33.332000
22.691653	33.332000
22.712096	33.329000
22.732539	33.322000
22.752982	33.318000
22.773425	33.316000
22.793867	33.312000
22.814310	33.309000
22.834753	33.305000
22.855196	33.300000
22.875639	33.296000
22.896082	33.293000
22.916525	33.290000
22.936968	33.285000
22.957411	33.282000
22.977854	33.275000
22.998297	33.272000
23.018740	33.268000
23.039183	33.263000
23.059626	33.258000
23.080068	33.252000
23.100511	33.247000
23.120954	33.243000
23.141397	33.238000
23.161840	33.232000
23.182283	33.226000
23.202726	33.221000
23.223169	33.215000
23.243612	33.209000
23.264055	33.204000
23.284498	33.197000
23.304941	33.192000
23.325384	33.188000
23.345827	33.181000
23.366270	33.176000
23.386712	33.170000
23.407155	33.164000
23.427598	33.159000
23.448041	33.153000
23.468484	33.148000
23.488927	33.142000
23.509370	33.137000
23.529813	33.132000
23.550256	33.129000
23.570699	33.125000
23.591142	33.120000
23.611585	33.116000
23.632028	33.111000
23.652471	33.107000
23.672913	33.103000
23.693356	33.098000
23.713799	33.094000
23.734242	33.091000
23.754685	33.087000
23.775128	33.083000
23.795571	33.079000
23.816014	33.076000
23.836457	33.072000
23.856900	33.067000
23.877343	33.064000
23.897786	33.060000
23.918229	33.057000
23.938672	33.052000
23.959114	33.047000
23.979557	33.044000
24.000000	33.039000
24.020443	33.035000
24.040886	33.031000
24.061329	33.027000
24.081772	33.023000
24.102215	33.017000
24.122658	33.012000
24.143101	33.008000
24.163544	33.004000
24.183987	33.000000
24.204430	32.996000
24.224873	32.992000
24.245316	32.988000
24.265758	32.984000
24.286201	32.978000
24.306644	32.973000
24.327087	32.968000
24.347530	32.963000
24.367973	32.959000
24.388416	32.955000
24.408859	32.951000
24.429302	32.947000
24.449745	32.943000
24.470188	32.939000
24.490631	32.934000
24.511074	32.931000
24.531517	32.927000
24.551959	32.922000
24.572402	32.917000
24.592845	32.914000
24.613288	32.910000
24.633731	32.906000
24.654174	32.902000
24.674617	32.899000
24.695060	32.895000
24.715503	32.892000
24.735946	32.889000
24.756389	32.884000
24.776832	32.879000
24.797275	32.873000
24.817718	32.869000
24.838160	32.864000
24.858603	32.860000
24.879046	32.856000
24.899489	32.850000
24.919932	32.845000
24.940375	32.840000
24.960818	32.835000
24.981261	32.830000
25.001704	32.824000
25.022147	32.818000
25.042590	32.811000
25.063033	32.804000
25.083476	32.797000
25.103919	32.789000
25.124362	32.782000
25.144804	32.776000
25.165247	32.769000
25.185690	32.762000
25.206133	32.754000
25.226576	32.747000
25.247019	32.739000
25.267462	32.733000
25.287905	32.725000
25.308348	32.717000
25.328791	32.710000
25.349234	32.703000
25.369677	32.696000
25.390120	32.689000
25.410563	32.684000
25.431005	32.678000
25.451448	32.672000
25.471891	32.667000
25.492334	32.661000
25.512777	32.655000
25.533220	32.649000
25.553663	32.645000
25.574106	32.640000
25.594549	32.635000
25.614992	32.630000
25.635435	32.626000
25.655878	32.621000
25.676321	32.617000
25.696764	32.612000
25.717207	32.608000
25.737649	32.603000
25.758092	32.599000
25.778535	32.594000
25.798978	32.590000
25.819421	32.587000
25.839864	32.582000
25.860307	32.578000
25.880750	32.575000
25.901193	32.572000
25.921636	32.567000
25.942079	32.561000
25.962522	32.558000
25.982965	32.555000
26.003408	32.550000
26.023850	32.545000
26.044293	32.540000
26.064736	32.535000
26.085179	32.530000
26.105622	32.525000
26.126065	32.519000
26.146508	32.517000
26.166951	32.506000
26.187394	32.498000
26.207837	32.489000
26.228280	32.492000
26.248723	32.482000
26.269166	32.482000
26.289609	32.479000
26.310051	32.443000
26.330494	32.453000
26.350937	32.442000
26.371380	32.426000
26.391823	32.387000
26.412266	32.370000
26.432709	32.363000
26.453152	32.369000
26.473595	32.348000
26.494038	32.327000
26.514481	32.333000
26.534924	32.320000
26.555367	32.316000
26.575810	32.312000
26.596253	32.299000
26.616695	32.275000
26.637138	32.289000
26.657581	32.281000
26.678024	32.275000
26.698467	32.269000
26.718910	32.264000
26.739353	32.258000
26.759796	32.254000
26.780239	32.250000
26.800682	32.246000
26.821125	32.243000
26.841568	32.238000
26.862011	32.232000
26.882454	32.228000
26.902896	32.223000
26.923339	32.219000
26.943782	32.213000
26.964225	32.209000
26.984668	32.207000
27.005111	32.203000
27.025554	32.200000
27.045997	32.195000
27.066440	32.191000
27.086883	32.186000
27.107326	32.180000
27.127769	32.176000
27.148212	32.170000
27.168655	32.165000
27.189097	32.160000
27.209540	32.155000
27.229983	32.152000
27.250426	32.141000
27.270869	32.144000
27.291312	32.140000
27.311755	32.136000
27.332198	32.131000
27.352641	32.127000
27.373084	32.123000
27.393527	32.118000
27.413970	32.114000
27.434413	32.109000
27.454856	32.105000
27.475299	32.103000
27.495741	32.099000
27.516184	32.095000
27.536627	32.091000
27.557070	32.088000
27.577513	32.084000
27.597956	32.080000
27.618399	32.076000
27.638842	32.072000
27.659285	32.068000
27.679728	32.064000
27.700171	32.060000
27.720614	32.056000
27.741057	32.052000
27.761500	32.048000
27.781942	32.044000
27.802385	32.040000
27.822828	32.036000
27.843271	32.032000
27.863714	32.027000
27.884157	32.023000
27.904600	32.019000
27.925043	32.015000
27.945486	32.010000
27.965929	32.006000
27.986372	32.002000
28.006815	31.997000
28.027258	31.993000
28.047701	31.988000
28.068144	31.984000
28.088586	31.979000
28.109029	31.975000
28.129472	31.970000
28.149915	31.966000
28.170358	31.961000
28.190801	31.957000
28.211244	31.952000
28.231687	31.948000
28.252130	31.943000
28.272573	31.939000
28.293016	31.934000
28.313459	31.930000
28.333902	31.925000
28.354345	31.921000
28.374787	31.916000
28.395230	31.912000
28.415673	31.908000
28.436116	31.903000
28.456559	31.899000
28.477002	31.895000
28.497445	31.891000
28.517888	31.887000
28.538331	31.883000
28.558774	31.879000
28.579217	31.875000
28.599660	31.871000
28.620103	31.867000
28.640546	31.864000
28.660988	31.860000
28.681431	31.856000
28.701874	31.852000
28.722317	31.848000
28.742760	31.844000
28.763203	31.841000
28.783646	31.837000
28.804089	31.833000
28.824532	31.829000
28.844975	31.825000
28.865418	31.822000
28.885861	31.818000
28.906304	31.814000
28.926747	31.811000
28.947190	31.807000
28.967632	31.804000
28.988075	31.800000
29.008518	31.797000
29.028961	31.794000
29.049404	31.791000
29.069847	31.788000
29.090290	31.785000
29.110733	31.782000
29.131176	31.780000
29.151619	31.777000
29.172062	31.775000
29.192505	31.772000
29.212948	31.770000
29.233391	31.768000
29.253833	31.766000
29.274276	31.764000
29.294719	31.761000
29.315162	31.759000
29.335605	31.757000
29.356048	31.755000
29.376491	31.752000
29.396934	31.750000
29.417377	31.748000
29.437820	31.745000
29.458263	31.743000
29.478706	31.740000
29.499149	31.737000
29.519592	31.734000
29.540034	31.731000
29.560477	31.728000
29.580920	31.725000
29.601363	31.721000
29.621806	31.718000
29.642249	31.714000
29.662692	31.711000
29.683135	31.707000
29.703578	31.703000
29.724021	31.700000
29.744464	31.696000
29.764907	31.692000
29.785350	31.688000
29.805793	31.684000
29.826236	31.681000
29.846678	31.677000
29.867121	31.673000
29.887564	31.669000
29.908007	31.665000
29.928450	31.661000
29.948893	31.657000
29.969336	31.653000
29.989779	31.649000
30.010222	31.645000
30.030665	31.641000
30.051108	31.637000
30.071551	31.633000
30.091994	31.629000
30.112437	31.625000
30.132879	31.621000
30.153322	31.616000
30.173765	31.612000
30.194208	31.608000
30.214651	31.604000
30.235094	31.599000
30.255537	31.595000
30.275980	31.590000
30.296423	31.586000
30.316866	31.581000
30.337309	31.577000
30.357752	31.572000
30.378195	31.568000
30.398638	31.563000
30.419081	31.558000
30.439523	31.554000
30.459966	31.550000
30.480409	31.545000
30.500852	31.541000
30.521295	31.537000
30.541738	31.532000
30.562181	31.528000
30.582624	31.524000
30.603067	31.520000
30.623510	31.516000
30.643953	31.512000
30.664396	31.508000
30.684839	31.503000
30.705282	31.499000
30.725724	31.495000
30.746167	31.491000
30.766610	31.487000
30.787053	31.482000
30.807496	31.478000
30.827939	31.474000
30.848382	31.470000
30.868825	31.465000
30.889268	31.461000
30.909711	31.457000
30.930154	31.453000
30.950597	31.449000
30.971040	31.445000
30.991483	31.441000
31.011925	31.437000
31.032368	31.433000
31.052811	31.429000
31.073254	31.425000
31.093697	31.421000
31.114140	31.417000
31.134583	31.413000
31.155026	31.410000
31.175469	31.406000
31.195912	31.402000
31.216355	31.398000
31.236798	31.394000
31.257241	31.390000
31.277684	31.386000
31.298127	31.382000
31.318569	31.378000
31.339012	31.374000
31.359455	31.370000
31.379898	31.365000
31.400341	31.361000
31.420784	31.356000
31.441227	31.351000
31.461670	31.346000
31.482113	31.341000
31.502556	31.335000
31.522999	31.330000
31.543442	31.324000
31.563885	31.317000
31.584328	31.311000
31.604770	31.305000
31.625213	31.298000
31.645656	31.291000
31.666099	31.284000
31.686542	31.277000
31.706985	31.269000
31.727428	31.261000
31.747871	31.254000
31.768314	31.245000
31.788757	31.237000
31.809200	31.229000
31.829643	31.221000
31.850086	31.213000
31.870529	31.205000
31.890971	31.197000
31.911414	31.189000
31.931857	31.182000
31.952300	31.175000
31.972743	31.168000
31.993186	31.161000
32.013629	31.155000
32.034072	31.148000
32.054515	31.142000
32.074958	31.135000
32.095401	31.129000
32.115844	31.123000
32.136287	31.117000
32.156730	31.111000
32.177173	31.105000
32.197615	31.099000
32.218058	31.093000
32.238501	31.088000
32.258944	31.082000
32.279387	31.076000
32.299830	31.071000
32.320273	31.065000
32.340716	31.060000
32.361159	31.054000
32.381602	31.049000
32.402045	31.044000
32.422488	31.038000
32.442931	31.033000
32.463374	31.029000
32.483816	31.024000
32.504259	31.019000
32.524702	31.015000
32.545145	31.010000
32.565588	31.006000
32.586031	31.002000
32.606474	30.998000
32.626917	30.993000
32.647360	30.990000
32.667803	30.986000
32.688246	30.982000
32.708689	30.978000
32.729132	30.974000
32.749575	30.971000
32.770018	30.967000
32.790460	30.964000
32.810903	30.960000
32.831346	30.956000
32.851789	30.953000
32.872232	30.949000
32.892675	30.946000
32.913118	30.942000
32.933561	30.938000
32.954004	30.935000
32.974447	30.931000
32.994890	30.927000
33.015333	30.923000
33.035776	30.919000
33.056219	30.914000
33.076661	30.910000
33.097104	30.906000
33.117547	30.901000
33.137990	30.897000
33.158433	30.892000
33.178876	30.887000
33.199319	30.883000
33.219762	30.878000
33.240205	30.873000
33.260648	30.868000
33.281091	30.863000
33.301534	30.858000
33.321977	30.853000
33.342420	30.848000
33.362862	30.843000
33.383305	30.838000
33.403748	30.833000
33.424191	30.828000
33.444634	30.823000
33.465077	30.817000
33.485520	30.812000
33.505963	30.806000
33.526406	30.801000
33.546849	30.795000
33.567292	30.788000
33.587735	30.782000
33.608178	30.775000
33.628621	30.768000
33.649064	30.761000
33.669506	30.754000
33.689949	30.747000
33.710392	30.739000
33.730835	30.732000
33.751278	30.724000
33.771721	30.716000
33.792164	30.708000
33.812607	30.700000
33.833050	30.692000
33.853493	30.684000
33.873936	30.677000
33.894379	30.669000
33.914822	30.662000
33.935265	30.655000
33.955707	30.648000
33.976150	30.641000
33.996593	30.635000
34.017036	30.628000
34.037479	30.622000
34.057922	30.616000
34.078365	30.611000
34.098808	30.605000
34.119251	30.600000
34.139694	30.595000
34.160137	30.590000
34.180580	30.585000
34.201023	30.580000
34.221466	30.576000
34.241908	30.571000
34.262351	30.566000
34.282794	30.562000
34.303237	30.557000
34.323680	30.553000
34.344123	30.549000
34.364566	30.544000
34.385009	30.540000
34.405452	30.535000
34.425895	30.531000
34.446338	30.527000
34.466781	30.522000
34.487224	30.518000
34.507667	30.513000
34.528110	30.509000
34.548552	30.505000
34.568995	30.500000
34.589438	30.496000
34.609881	30.491000
34.630324	30.487000
34.650767	30.483000
34.671210	30.478000
34.691653	30.474000
34.712096	30.469000
34.732539	30.465000
34.752982	30.461000
34.773425	30.456000
34.793868	30.452000
34.814311	30.447000
34.834753	30.443000
34.855196	30.438000
34.875639	30.434000
34.896082	30.429000
34.916525	30.425000
34.936968	30.421000
34.957411	30.416000
34.977854	30.412000
34.998297	30.408000
35.018740	30.404000
35.039183	30.400000
35.059626	30.395000
35.080069	30.392000
35.100512	30.388000
35.120955	30.384000
35.141397	30.380000
35.161840	30.376000
35.182283	30.372000
35.202726	30.368000
35.223169	30.364000
35.243612	30.360000
35.264055	30.356000
35.284498	30.352000
35.304941	30.348000
35.325384	30.344000
35.345827	30.340000
35.366270	30.336000
35.386713	30.332000
35.407156	30.328000
35.427598	30.323000
35.448041	30.319000
35.468484	30.315000
35.488927	30.311000
35.509370	30.307000
35.529813	30.303000
35.550256	30.299000
35.570699	30.295000
35.591142	30.291000
35.611585	30.286000
35.632028	30.282000
35.652471	30.277000
35.672914	30.272000
35.693357	30.266000
35.713799	30.261000
35.734242	30.255000
35.754685	30.249000
35.775128	30.243000
35.795571	30.236000
35.816014	30.229000
35.836457	30.222000
35.856900	30.214000
35.877343	30.207000
35.897786	30.199000
35.918229	30.201000
35.938672	30.191000
35.959115	30.186000
35.979558	30.183000
36.000001	30.173000
36.020443	30.167000
36.040886	30.165000
36.061329	30.154000
36.081772	30.154000
36.102215	30.120000
36.122658	30.059000
36.143101	30.039000
36.163544	30.031000
36.183987	30.024000
36.204430	30.020000
36.224873	30.016000
36.245316	30.013000
36.265759	30.011000
36.286202	30.009000
36.306644	30.007000
36.327087	30.004000
36.347530	30.000000
36.367973	29.996000
36.388416	29.993000
36.408859	29.990000
36.429302	29.986000
36.449745	29.983000
36.470188	29.980000
36.490631	29.976000
36.511074	29.973000
36.531517	29.970000
36.551960	29.966000
36.572403	29.962000
36.592846	29.959000
36.613288	29.955000
36.633731	29.951000
36.654174	29.948000
36.674617	29.944000
36.695060	29.940000
36.715503	29.936000
36.735946	29.932000
36.756389	29.928000
36.776832	29.924000
36.797275	29.920000
36.817718	29.916000
36.838161	29.912000
36.858604	29.908000
36.879047	29.903000
36.899489	29.899000
36.919932	29.895000
36.940375	29.890000
36.960818	29.886000
36.981261	29.882000
37.001704	29.877000
37.022147	29.873000
37.042590	29.868000
37.063033	29.863000
37.083476	29.859000
37.103919	29.854000
37.124362	29.850000
37.144805	29.846000
37.165248	29.841000
37.185690	29.837000
37.206133	29.833000
37.226576	29.829000
37.247019	29.825000
37.267462	29.821000
37.287905	29.817000
37.308348	29.813000
37.328791	29.809000
37.349234	29.805000
37.369677	29.801000
37.390120	29.797000
37.410563	29.793000
37.431006	29.789000
37.451449	29.785000
37.471892	29.781000
37.492334	29.777000
37.512777	29.773000
37.533220	29.769000
37.553663	29.766000
37.574106	29.762000
37.594549	29.758000
37.614992	29.754000
37.635435	29.751000
37.655878	29.747000
37.676321	29.743000
37.696764	29.739000
37.717207	29.735000
37.737650	29.731000
37.758093	29.727000
37.778535	29.723000
37.798978	29.719000
37.819421	29.715000
37.839864	29.710000
37.860307	29.706000
37.880750	29.702000
37.901193	29.698000
37.921636	29.693000
37.942079	29.689000
37.962522	29.685000
37.982965	29.681000
38.003408	29.677000
38.023851	29.673000
38.044294	29.669000
38.064736	29.665000
38.085179	29.661000
38.105622	29.657000
38.126065	29.654000
38.146508	29.650000
38.166951	29.647000
38.187394	29.643000
38.207837	29.640000
38.228280	29.636000
38.248723	29.633000
38.269166	29.629000
38.289609	29.626000
38.310052	29.622000
38.330495	29.619000
38.350938	29.615000
38.371380	29.612000
38.391823	29.608000
38.412266	29.605000
38.432709	29.601000
38.453152	29.598000
38.473595	29.594000
38.494038	29.591000
38.514481	29.587000
38.534924	29.583000
38.555367	29.579000
38.575810	29.575000
38.596253	29.571000
38.616696	29.567000
38.637139	29.562000
38.657581	29.558000
38.678024	29.553000
38.698467	29.548000
38.718910	29.542000
38.739353	29.537000
38.759796	29.531000
38.780239	29.525000
38.800682	29.519000
38.821125	29.512000
38.841568	29.505000
38.862011	29.498000
38.882454	29.491000
38.902897	29.484000
38.923340	29.477000
38.943783	29.470000
38.964225	29.463000
38.984668	29.456000
39.005111	29.449000
39.025554	29.443000
39.045997	29.436000
39.066440	29.430000
39.086883	29.424000
39.107326	29.418000
39.127769	29.412000
39.148212	29.406000
39.168655	29.400000
39.189098	29.395000
39.209541	29.389000
39.229984	29.384000
39.250426	29.379000
39.270869	29.373000
39.291312	29.368000
39.311755	29.363000
39.332198	29.358000
39.352641	29.354000
39.373084	29.349000
39.393527	29.344000
39.413970	29.340000
39.434413	29.335000
39.454856	29.331000
39.475299	29.326000
39.495742	29.322000
39.516185	29.317000
39.536627	29.313000
39.557070	29.308000
39.577513	29.304000
39.597956	29.300000
39.618399	29.295000
39.638842	29.291000
39.659285	29.287000
39.679728	29.282000
39.700171	29.278000
39.720614	29.274000
39.741057	29.270000
39.761500	29.266000
39.781943	29.262000
39.802386	29.258000
39.822829	29.254000
39.843271	29.250000
39.863714	29.246000
39.884157	29.242000
39.904600	29.238000
39.925043	29.234000
39.945486	29.230000
39.965929	29.226000
39.986372	29.222000
40.006815	29.218000
40.027258	29.214000
40.047701	29.210000
40.068144	29.206000
40.088587	29.202000
40.109030	29.198000
40.129472	29.194000
40.149915	29.190000
40.170358	29.186000
40.190801	29.182000
40.211244	29.178000
40.231687	29.174000
40.252130	29.171000
40.272573	29.167000
40.293016	29.163000
40.313459	29.159000
40.333902	29.155000
40.354345	29.151000
40.374788	29.147000
40.395231	29.143000
40.415673	29.139000
40.436116	29.135000
40.456559	29.131000
40.477002	29.127000
40.497445	29.123000
40.517888	29.118000
40.538331	29.114000
40.558774	29.110000
40.579217	29.105000
40.599660	29.100000
40.620103	29.095000
40.640546	29.091000
40.660989	29.087000
40.681432	29.082000
40.701875	29.077000
40.722317	29.071000
40.742760	29.065000
40.763203	29.058000
40.783646	29.051000
40.804089	29.043000
40.824532	29.046000
40.844975	29.043000
40.865418	29.039000
40.885861	29.030000
40.906304	29.026000
40.926747	29.013000
40.947190	29.013000
40.967633	28.995000
40.988076	28.990000
41.008518	28.983000
41.028961	28.911000
41.049404	28.916000
41.069847	28.908000
41.090290	28.882000
41.110733	28.873000
41.131176	28.849000
41.151619	28.824000
41.172062	28.808000
41.192505	28.770000
41.212948	28.751000
41.233391	28.738000
41.253834	28.726000
41.274277	28.710000
41.294720	28.707000
41.315162	28.701000
41.335605	28.699000
41.356048	28.695000
41.376491	28.692000
41.396934	28.689000
41.417377	28.683000
41.437820	28.677000
41.458263	28.671000
41.478706	28.666000
41.499149	28.662000
41.519592	28.657000
41.540035	28.653000
41.560478	28.648000
41.580921	28.644000
41.601363	28.639000
41.621806	28.635000
41.642249	28.630000
41.662692	28.626000
41.683135	28.622000
41.703578	28.618000
41.724021	28.614000
41.744464	28.610000
41.764907	28.606000
41.785350	28.603000
41.805793	28.599000
41.826236	28.595000
41.846679	28.591000
41.867122	28.588000
41.887564	28.584000
41.908007	28.581000
41.928450	28.577000
41.948893	28.574000
41.969336	28.570000
41.989779	28.566000
42.010222	28.562000
42.030665	28.558000
42.051108	28.554000
42.071551	28.550000
42.091994	28.546000
42.112437	28.542000
42.132880	28.537000
42.153323	28.533000
42.173766	28.528000
42.194208	28.523000
42.214651	28.518000
42.235094	28.513000
42.255537	28.508000
42.275980	28.502000
42.296423	28.497000
42.316866	28.492000
42.337309	28.486000
42.357752	28.481000
42.378195	28.476000
42.398638	28.470000
42.419081	28.465000
42.439524	28.460000
42.459967	28.455000
42.480409	28.449000
42.500852	28.444000
42.521295	28.439000
42.541738	28.434000
42.562181	28.429000
42.582624	28.424000
42.603067	28.419000
42.623510	28.414000
42.643953	28.409000
42.664396	28.404000
42.684839	28.400000
42.705282	28.395000
42.725725	28.391000
42.746168	28.387000
42.766610	28.383000
42.787053	28.379000
42.807496	28.375000
42.827939	28.371000
42.848382	28.367000
42.868825	28.363000
42.889268	28.359000
42.909711	28.356000
42.930154	28.352000
42.950597	28.348000
42.971040	28.344000
42.991483	28.340000
43.011926	28.336000
43.032369	28.332000
43.052812	28.327000
43.073254	28.323000
43.093697	28.319000
43.114140	28.314000
43.134583	28.310000
43.155026	28.305000
43.175469	28.301000
43.195912	28.296000
43.216355	28.292000
43.236798	28.287000
43.257241	28.282000
43.277684	28.277000
43.298127	28.273000
43.318570	28.268000
43.339013	28.263000
43.359455	28.258000
43.379898	28.254000
43.400341	28.249000
43.420784	28.244000
43.441227	28.239000
43.461670	28.234000
43.482113	28.230000
43.502556	28.225000
43.522999	28.220000
43.543442	28.215000
43.563885	28.211000
43.584328	28.206000
43.604771	28.201000
43.625214	28.196000
43.645657	28.192000
43.666099	28.187000
43.686542	28.183000
43.706985	28.179000
43.727428	28.175000
43.747871	28.170000
43.768314	28.167000
43.788757	28.163000
43.809200	28.159000
43.829643	28.155000
43.850086	28.152000
43.870529	28.148000
43.890972	28.144000
43.911415	28.141000
43.931858	28.137000
43.952300	28.133000
43.972743	28.129000
43.993186	28.125000
44.013629	28.121000
44.034072	28.117000
44.054515	28.114000
44.074958	28.110000
44.095401	28.106000
44.115844	28.102000
44.136287	28.098000
44.156730	28.094000
44.177173	28.090000
44.197616	28.086000
44.218059	28.081000
44.238501	28.077000
44.258944	28.073000
44.279387	28.069000
44.299830	28.065000
44.320273	28.061000
44.340716	28.057000
44.361159	28.052000
44.381602	28.049000
44.402045	28.045000
44.422488	28.041000
44.442931	28.037000
44.463374	28.033000
44.483817	28.028000
44.504260	28.024000
44.524703	28.020000
44.545145	28.016000
44.565588	28.012000
44.586031	28.008000
44.606474	28.004000
44.626917	28.000000
44.647360	27.995000
44.667803	27.991000
44.688246	27.987000
44.708689	27.984000
44.729132	27.980000
44.749575	27.975000
44.770018	27.971000
44.790461	27.966000
44.810904	27.962000
44.831346	27.957000
44.851789	27.953000
44.872232	27.949000
44.892675	27.944000
44.913118	27.940000
44.933561	27.935000
44.954004	27.930000
44.974447	27.926000
44.994890	27.922000
45.015333	27.917000
45.035776	27.913000
45.056219	27.908000
45.076662	27.903000
45.097105	27.898000
45.117547	27.893000
45.137990	27.888000
45.158433	27.884000
45.178876	27.879000
45.199319	27.873000
45.219762	27.867000
45.240205	27.862000
45.260648	27.856000
45.281091	27.850000
45.301534	27.844000
45.321977	27.838000
45.342420	27.831000
45.362863	27.828000
45.383306	27.820000
45.403749	27.813000
45.424191	27.801000
45.444634	27.803000
45.465077	27.786000
45.485520	27.790000
45.505963	27.775000
45.526406	27.767000
45.546849	27.754000
45.567292	27.748000
45.587735	27.754000
45.608178	27.734000
45.628621	27.726000
45.649064	27.736000
45.669507	27.730000
45.689950	27.724000
45.710392	27.719000
45.730835	27.713000
45.751278	27.708000
45.771721	27.704000
45.792164	27.699000
45.812607	27.694000
45.833050	27.690000
45.853493	27.686000
45.873936	27.681000
45.894379	27.678000
45.914822	27.674000
45.935265	27.670000
45.955708	27.666000
45.976151	27.662000
45.996594	27.658000
46.017036	27.654000
46.037479	27.650000
46.057922	27.646000
46.078365	27.642000
46.098808	27.639000
46.119251	27.635000
46.139694	27.631000
46.160137	27.627000
46.180580	27.623000
46.201023	27.619000
46.221466	27.616000
46.241909	27.612000
46.262352	27.608000
46.282795	27.604000
46.303237	27.600000
46.323680	27.596000
46.344123	27.591000
46.364566	27.587000
46.385009	27.583000
46.405452	27.579000
46.425895	27.575000
46.446338	27.571000
46.466781	27.567000
46.487224	27.562000
46.507667	27.558000
46.528110	27.554000
46.548553	27.549000
46.568996	27.545000
46.589438	27.540000
46.609881	27.536000
46.630324	27.532000
46.650767	27.527000
46.671210	27.523000
46.691653	27.518000
46.712096	27.514000
46.732539	27.509000
46.752982	27.505000
46.773425	27.500000
46.793868	27.496000
46.814311	27.491000
46.834754	27.487000
46.855197	27.483000
46.875640	27.478000
46.896082	27.474000
46.916525	27.470000
46.936968	27.466000
46.957411	27.461000
46.977854	27.457000
46.998297	27.453000
47.018740	27.450000
47.039183	27.446000
47.059626	27.442000
47.080069	27.438000
47.100512	27.434000
47.120955	27.430000
47.141398	27.426000
47.161841	27.422000
47.182283	27.418000
47.202726	27.414000
47.223169	27.410000
47.243612	27.406000
47.264055	27.402000
47.284498	27.397000
47.304941	27.393000
47.325384	27.388000
47.345827	27.384000
47.366270	27.380000
47.386713	27.375000
47.407156	27.371000
47.427599	27.366000
47.448042	27.361000
47.468484	27.356000
47.488927	27.352000
47.509370	27.347000
47.529813	27.342000
47.550256	27.337000
47.570699	27.333000
47.591142	27.328000
47.611585	27.323000
47.632028	27.319000
47.652471	27.315000
47.672914	27.310000
47.693357	27.306000
47.713800	27.302000
47.734243	27.298000
47.754686	27.294000
47.775128	27.290000
47.795571	27.286000
47.816014	27.283000
47.836457	27.279000
47.856900	27.276000
47.877343	27.273000
47.897786	27.269000
47.918229	27.266000
47.938672	27.263000
47.959115	27.260000
47.979558	27.258000
48.000001	27.255000
48.020444	27.252000
48.040887	27.249000
48.061329	27.247000
48.081772	27.244000
48.102215	27.241000
48.122658	27.238000
48.143101	27.235000
48.163544	27.233000
48.183987	27.230000
48.204430	27.227000
48.224873	27.224000
48.245316	27.221000
48.265759	27.218000
48.286202	27.216000
48.306645	27.213000
48.327088	27.210000
48.347531	27.207000
48.367973	27.204000
48.388416	27.202000
48.408859	27.199000
48.429302	27.197000
48.449745	27.194000
48.470188	27.192000
48.490631	27.190000
48.511074	27.189000
48.531517	27.187000
48.551960	27.186000
48.572403	27.184000
48.592846	27.183000
48.613289	27.181000
48.633732	27.180000
48.654174	27.178000
48.674617	27.177000
48.695060	27.175000
48.715503	27.174000
48.735946	27.172000
48.756389	27.171000
48.776832	27.169000
48.797275	27.168000
48.817718	27.166000
48.838161	27.164000
48.858604	27.162000
48.879047	27.160000
48.899490	27.157000
48.919933	27.155000
48.940375	27.152000
48.960818	27.149000
48.981261	27.146000
49.001704	27.143000
49.022147	27.140000
49.042590	27.137000
49.063033	27.134000
49.083476	27.131000
49.103919	27.127000
49.124362	27.124000
49.144805	27.120000
49.165248	27.117000
49.185691	27.113000
49.206134	27.109000
49.226577	27.106000
49.247019	27.102000
49.267462	27.098000
49.287905	27.095000
49.308348	27.092000
49.328791	27.088000
49.349234	27.085000
49.369677	27.082000
49.390120	27.079000
49.410563	27.075000
49.431006	27.072000
49.451449	27.069000
49.471892	27.066000
49.492335	27.063000
49.512778	27.060000
49.533220	27.057000
49.553663	27.054000
49.574106	27.051000
49.594549	27.048000
49.614992	27.044000
49.635435	27.041000
49.655878	27.037000
49.676321	27.034000
49.696764	27.030000
49.717207	27.026000
49.737650	27.022000
49.758093	27.018000
49.778536	27.015000
49.798979	27.011000
49.819422	27.007000
49.839864	27.003000
49.860307	26.999000
49.880750	26.995000
49.901193	26.990000
49.921636	26.986000
49.942079	26.982000
49.962522	26.978000
49.982965	26.973000
50.003408	26.969000
50.023851	26.965000
50.044294	26.961000
50.064737	26.957000
50.085180	26.953000
50.105623	26.949000
50.126065	26.945000
50.146508	26.940000
50.166951	26.936000
50.187394	26.931000
50.207837	26.926000
50.228280	26.922000
50.248723	26.917000
50.269166	26.912000
50.289609	26.907000
50.310052	26.902000
50.330495	26.897000
50.350938	26.892000
50.371381	26.888000
50.391824	26.883000
50.412266	26.877000
50.432709	26.872000
50.453152	26.867000
50.473595	26.862000
50.494038	26.857000
50.514481	26.851000
50.534924	26.846000
50.555367	26.841000
50.575810	26.836000
50.596253	26.832000
50.616696	26.827000
50.637139	26.822000
50.657582	26.817000
50.678025	26.812000
50.698468	26.808000
50.718910	26.803000
50.739353	26.798000
50.759796	26.793000
50.780239	26.788000
50.800682	26.783000
50.821125	26.777000
50.841568	26.772000
50.862011	26.766000
50.882454	26.760000
50.902897	26.753000
50.923340	26.747000
50.943783	26.740000
50.964226	26.733000
50.984669	26.725000
51.005111	26.716000
51.025554	26.708000
51.045997	26.698000
51.066440	26.689000
51.086883	26.679000
51.107326	26.668000
51.127769	26.658000
51.148212	26.647000
51.168655	26.637000
51.189098	26.626000
51.209541	26.615000
51.229984	26.604000
51.250427	26.593000
51.270870	26.582000
51.291312	26.571000
51.311755	26.560000
51.332198	26.550000
51.352641	26.540000
51.373084	26.530000
51.393527	26.521000
51.413970	26.513000
51.434413	26.505000
51.454856	26.498000
51.475299	26.491000
51.495742	26.485000
51.516185	26.479000
51.536628	26.474000
51.557071	26.468000
51.577514	26.464000
51.597956	26.460000
51.618399	26.455000
51.638842	26.451000
51.659285	26.447000
51.679728	26.444000
51.700171	26.440000
51.720614	26.437000
51.741057	26.434000
51.761500	26.431000
51.781943	26.428000
51.802386	26.425000
51.822829	26.421000
51.843272	26.417000
51.863715	26.413000
51.884157	26.409000
51.904600	26.405000
51.925043	26.402000
51.945486	26.398000
51.965929	26.394000
51.986372	26.389000
52.006815	26.385000
52.027258	26.381000
52.047701	26.377000
52.068144	26.373000
52.088587	26.369000
52.109030	26.365000
52.129473	26.361000
52.149916	26.357000
52.170359	26.353000
52.190801	26.349000
52.211244	26.346000
52.231687	26.342000
52.252130	26.339000
52.272573	26.335000
52.293016	26.332000
52.313459	26.329000
52.333902	26.325000
52.354345	26.322000
52.374788	26.319000
52.395231	26.316000
52.415674	26.313000
52.436117	26.310000
52.456560	26.306000
52.477002	26.302000
52.497445	26.299000
52.517888	26.295000
52.538331	26.292000
52.558774	26.288000
52.579217	26.284000
52.599660	26.280000
52.620103	26.276000
52.640546	26.272000
52.660989	26.268000
52.681432	26.264000
52.701875	26.259000
52.722318	26.255000
52.742761	26.250000
52.763203	26.245000
52.783646	26.240000
52.804089	26.234000
52.824532	26.229000
52.844975	26.223000
52.865418	26.218000
52.885861	26.213000
52.906304	26.208000
52.926747	26.202000
52.947190	26.197000
52.967633	26.191000
52.988076	26.186000
53.008519	26.181000
53.028962	26.176000
53.049405	26.170000
53.069847	26.165000
53.090290	26.160000
53.110733	26.155000
53.131176	26.150000
53.151619	26.146000
53.172062	26.142000
53.192505	26.138000
53.212948	26.134000
53.233391	26.130000
53.253834	26.126000
53.274277	26.122000
53.294720	26.118000
53.315163	26.115000
53.335606	26.111000
53.356048	26.107000
53.376491	26.103000
53.396934	26.099000
53.417377	26.096000
53.437820	26.092000
53.458263	26.088000
53.478706	26.084000
53.499149	26.080000
53.519592	26.076000
53.540035	26.072000
53.560478	26.067000
53.580921	26.062000
53.601364	26.057000
53.621807	26.052000
53.642249	26.048000
53.662692	26.043000
53.683135	26.038000
53.703578	26.033000
53.724021	26.028000
53.744464	26.024000
53.764907	26.019000
53.785350	26.014000
53.805793	26.009000
53.826236	26.004000
53.846679	25.999000
53.867122	25.994000
53.887565	25.989000
53.908008	25.984000
53.928451	25.980000
53.948893	25.975000
53.969336	25.970000
53.989779	25.966000
54.010222	25.962000
54.030665	25.957000
54.051108	25.953000
54.071551	25.949000
54.091994	25.944000
54.112437	25.940000
54.132880	25.936000
54.153323	25.932000
54.173766	25.927000
54.194209	25.923000
54.214652	25.918000
54.235094	25.914000
54.255537	25.910000
54.275980	25.905000
54.296423	25.901000
54.316866	25.896000
54.337309	25.890000
54.357752	25.885000
54.378195	25.880000
54.398638	25.874000
54.419081	25.869000
54.439524	25.863000
54.459967	25.858000
54.480410	25.852000
54.500853	25.846000
54.521296	25.840000
54.541738	25.835000
54.562181	25.829000
54.582624	25.823000
54.603067	25.818000
54.623510	25.812000
54.643953	25.806000
54.664396	25.801000
54.684839	25.796000
54.705282	25.791000
54.725725	25.786000
54.746168	25.782000
54.766611	25.778000
54.787054	25.774000
54.807497	25.770000
54.827939	25.766000
54.848382	25.761000
54.868825	25.757000
54.889268	25.753000
54.909711	25.749000
54.930154	25.745000
54.950597	25.742000
54.971040	25.738000
54.991483	25.735000
55.011926	25.732000
55.032369	25.729000
55.052812	25.726000
55.073255	25.722000
55.093698	25.719000
55.114140	25.716000
55.134583	25.712000
55.155026	25.709000
55.175469	25.706000
55.195912	25.703000
55.216355	25.700000
55.236798	25.697000
55.257241	25.695000
55.277684	25.692000
55.298127	25.690000
55.318570	25.687000
55.339013	25.684000
55.359456	25.681000
55.379899	25.677000
55.400342	25.673000
55.420784	25.669000
55.441227	25.665000
55.461670	25.660000
55.482113	25.656000
55.502556	25.652000
55.522999	25.647000
55.543442	25.643000
55.563885	25.638000
55.584328	25.633000
55.604771	25.628000
55.625214	25.623000
55.645657	25.618000
55.666100	25.612000
55.686543	25.606000
55.706985	25.600000
55.727428	25.594000
55.747871	25.588000
55.768314	25.582000
55.788757	25.576000
55.809200	25.570000
55.829643	25.563000
55.850086	25.557000
55.870529	25.550000
55.890972	25.543000
55.911415	25.536000
55.931858	25.529000
55.952301	25.521000
55.972744	25.512000
55.993186	25.504000
56.013629	25.495000
56.034072	25.486000
56.054515	25.478000
56.074958	25.469000
56.095401	25.460000
56.115844	25.452000
56.136287	25.443000
56.156730	25.435000
56.177173	25.426000
56.197616	25.417000
56.218059	25.409000
56.238502	25.401000
56.258945	25.394000
56.279388	25.386000
56.299830	25.379000
56.320273	25.372000
56.340716	25.367000
56.361159	25.361000
56.381602	25.356000
56.402045	25.351000
56.422488	25.347000
56.442931	25.342000
56.463374	25.337000
56.483817	25.332000
56.504260	25.328000
56.524703	25.324000
56.545146	25.319000
56.565589	25.316000
56.586031	25.312000
56.606474	25.307000
56.626917	25.303000
56.647360	25.300000
56.667803	25.296000
56.688246	25.292000
56.708689	25.288000
56.729132	25.284000
56.749575	25.279000
56.770018	25.274000
56.790461	25.269000
56.810904	25.264000
56.831347	25.259000
56.851790	25.254000
56.872233	25.249000
56.892675	25.245000
56.913118	25.240000
56.933561	25.235000
56.954004	25.230000
56.974447	25.225000
56.994890	25.221000
57.015333	25.216000
57.035776	25.211000
57.056219	25.206000
57.076662	25.201000
57.097105	25.196000
57.117548	25.192000
57.137991	25.187000
57.158434	25.182000
57.178876	25.177000
57.199319	25.173000
57.219762	25.169000
57.240205	25.165000
57.260648	25.160000
57.281091	25.156000
57.301534	25.152000
57.321977	25.148000
57.342420	25.145000
57.362863	25.141000
57.383306	25.137000
57.403749	25.133000
57.424192	25.128000
57.444635	25.124000
57.465077	25.120000
57.485520	25.115000
57.505963	25.111000
57.526406	25.107000
57.546849	25.103000
57.567292	25.099000
57.587735	25.095000
57.608178	25.091000
57.628621	25.087000
57.649064	25.083000
57.669507	25.079000
57.689950	25.075000
57.710393	25.070000
57.730836	25.065000
57.751279	25.061000
57.771721	25.056000
57.792164	25.051000
57.812607	25.046000
57.833050	25.041000
57.853493	25.036000
57.873936	25.032000
57.894379	25.027000
57.914822	25.023000
57.935265	25.018000
57.955708	25.012000
57.976151	25.006000
57.996594	25.001000
58.017037	24.994000
58.037480	24.988000
58.057922	24.983000
58.078365	24.976000
58.098808	24.970000
58.119251	24.964000
58.139694	24.957000
58.160137	24.952000
58.180580	24.946000
58.201023	24.941000
58.221466	24.936000
58.241909	24.932000
58.262352	24.927000
58.282795	24.922000
58.303238	24.917000
58.323681	24.913000
58.344123	24.910000
58.364566	24.906000
58.385009	24.904000
58.405452	24.901000
58.425895	24.898000
58.446338	24.895000
58.466781	24.893000
58.487224	24.891000
58.507667	24.889000
58.528110	24.887000
58.548553	24.885000
58.568996	24.882000
58.589439	24.879000
58.609882	24.875000
58.630325	24.872000
58.650767	24.869000
58.671210	24.865000
58.691653	24.860000
58.712096	24.856000
58.732539	24.852000
58.752982	24.847000
58.773425	24.842000
58.793868	24.837000
58.814311	24.832000
58.834754	24.828000
58.855197	24.822000
58.875640	24.817000
58.896083	24.811000
58.916526	24.804000
58.936968	24.798000
58.957411	24.792000
58.977854	24.785000
58.998297	24.780000
59.018740	24.774000
59.039183	24.768000
59.059626	24.762000
59.080069	24.757000
59.100512	24.752000
59.120955	24.747000
59.141398	24.742000
59.161841	24.737000
59.182284	24.732000
59.202727	24.727000
59.223170	24.723000
59.243612	24.719000
59.264055	24.715000
59.284498	24.711000
59.304941	24.708000
59.325384	24.704000
59.345827	24.701000
59.366270	24.699000
59.386713	24.696000
59.407156	24.695000
59.427599	24.692000
59.448042	24.690000
59.468485	24.688000
59.488928	24.686000
59.509371	24.684000
59.529813	24.682000
59.550256	24.680000
59.570699	24.677000
59.591142	24.675000
59.611585	24.672000
59.632028	24.668000
59.652471	24.664000
59.672914	24.661000
59.693357	24.657000
59.713800	24.653000
59.734243	24.649000
59.754686	24.645000
59.775129	24.641000
59.795572	24.636000
59.816014	24.631000
59.836457	24.626000
59.856900	24.621000
59.877343	24.616000
59.897786	24.611000
59.918229	24.605000
59.938672	24.600000
59.959115	24.595000
59.979558	24.590000
60.000001	24.586000
60.020444	24.582000
60.040887	24.577000
60.061330	24.573000
60.081773	24.569000
60.102216	24.564000
60.122658	24.560000
60.143101	24.555000
60.163544	24.550000
60.183987	24.546000
60.204430	24.541000
60.224873	24.537000
60.245316	24.533000
60.265759	24.528000
60.286202	24.525000
60.306645	24.521000
60.327088	24.517000
60.347531	24.513000
60.367974	24.509000
60.388417	24.506000
60.408859	24.502000
60.429302	24.499000
60.449745	24.496000
60.470188	24.492000
60.490631	24.489000
60.511074	24.487000
60.531517	24.484000
60.551960	24.482000
60.572403	24.480000
60.592846	24.478000
60.613289	24.475000
60.633732	24.474000
60.654175	24.470000
60.674618	24.468000
60.695060	24.465000
60.715503	24.462000
60.735946	24.459000
60.756389	24.455000
60.776832	24.451000
60.797275	24.448000
60.817718	24.445000
60.838161	24.441000
60.858604	24.437000
60.879047	24.433000
60.899490	24.429000
60.919933	24.425000
60.940376	24.422000
60.960819	24.418000
60.981262	24.414000
61.001704	24.410000
61.022147	24.406000
61.042590	24.403000
61.063033	24.399000
61.083476	24.396000
61.103919	24.393000
61.124362	24.390000
61.144805	24.387000
61.165248	24.384000
61.185691	24.383000
61.206134	24.380000
61.226577	24.377000
61.247020	24.374000
61.267463	24.371000
61.287905	24.369000
61.308348	24.366000
61.328791	24.363000
61.349234	24.359000
61.369677	24.357000
61.390120	24.353000
61.410563	24.349000
61.431006	24.345000
61.451449	24.343000
61.471892	24.339000
61.492335	24.335000
61.512778	24.332000
61.533221	24.329000
61.553664	24.325000
61.574107	24.322000
61.594549	24.318000
61.614992	24.315000
61.635435	24.311000
61.655878	24.309000
61.676321	24.306000
61.696764	24.302000
61.717207	24.299000
61.737650	24.295000
61.758093	24.292000
61.778536	24.289000
61.798979	24.286000
61.819422	24.282000
61.839865	24.279000
61.860308	24.275000
61.880750	24.271000
61.901193	24.267000
61.921636	24.263000
61.942079	24.260000
61.962522	24.255000
61.982965	24.250000
62.003408	24.246000
62.023851	24.241000
62.044294	24.235000
62.064737	24.230000
62.085180	24.225000
62.105623	24.219000
62.126066	24.214000
62.146509	24.207000
62.166951	24.201000
62.187394	24.194000
62.207837	24.188000
62.228280	24.182000
62.248723	24.175000
62.269166	24.169000
62.289609	24.163000
62.310052	24.157000
62.330495	24.152000
62.350938	24.146000
62.371381	24.138000
62.391824	24.132000
62.412267	24.126000
62.432710	24.120000
62.453153	24.112000
62.473595	24.106000
62.494038	24.099000
62.514481	24.093000
62.534924	24.086000
62.555367	24.079000
62.575810	24.074000
62.596253	24.068000
62.616696	24.061000
62.637139	24.055000
62.657582	24.048000
62.678025	24.042000
62.698468	24.036000
62.718911	24.029000
62.739354	24.023000
62.759796	24.017000
62.780239	24.011000
62.800682	24.006000
62.821125	24.001000
62.841568	23.997000
62.862011	23.993000
62.882454	23.989000
62.902897	23.987000
62.923340	23.984000
62.943783	23.982000
62.964226	23.980000
62.984669	23.979000
63.005112	23.977000
63.025555	23.975000
63.045998	23.974000
63.066440	23.971000
63.086883	23.969000
63.107326	23.967000
63.127769	23.965000
63.148212	23.962000
63.168655	23.958000
63.189098	23.954000
63.209541	23.950000
63.229984	23.945000
63.250427	23.941000
63.270870	23.936000
63.291313	23.931000
63.311756	23.925000
63.332199	23.919000
63.352641	23.913000
63.373084	23.907000
63.393527	23.901000
63.413970	23.895000
63.434413	23.889000
63.454856	23.883000
63.475299	23.878000
63.495742	23.872000
63.516185	23.867000
63.536628	23.862000
63.557071	23.857000
63.577514	23.853000
63.597957	23.850000
63.618400	23.847000
63.638842	23.843000
63.659285	23.839000
63.679728	23.835000
63.700171	23.830000
63.720614	23.826000
63.741057	23.822000
63.761500	23.817000
63.781943	23.813000
63.802386	23.808000
63.822829	23.803000
63.843272	23.798000
63.863715	23.793000
63.884158	23.788000
63.904601	23.783000
63.925044	23.779000
63.945486	23.774000
63.965929	23.770000
63.986372	23.764000
64.006815	23.759000
64.027258	23.754000
64.047701	23.749000
64.068144	23.746000
64.088587	23.744000
64.109030	23.741000
64.129473	23.738000
64.149916	23.736000
64.170359	23.733000
64.190802	23.730000
64.211245	23.728000
64.231687	23.726000
64.252130	23.724000
64.272573	23.722000
64.293016	23.720000
64.313459	23.717000
64.333902	23.714000
64.354345	23.712000
64.374788	23.709000
64.395231	23.707000
64.415674	23.704000
64.436117	23.701000
64.456560	23.697000
64.477003	23.692000
64.497446	23.686000
64.517888	23.681000
64.538331	23.675000
64.558774	23.670000
64.579217	23.664000
64.599660	23.658000
64.620103	23.651000
64.640546	23.644000
64.660989	23.637000
64.681432	23.629000
64.701875	23.622000
64.722318	23.613000
64.742761	23.605000
64.763204	23.595000
64.783647	23.584000
64.804090	23.573000
64.824532	23.561000
64.844975	23.549000
64.865418	23.537000
64.885861	23.523000
64.906304	23.508000
64.926747	23.493000
64.947190	23.475000
64.967633	23.457000
64.988076	23.438000
65.008519	23.418000
65.028962	23.397000
65.049405	23.376000
65.069848	23.352000
65.090291	23.327000
65.110733	23.302000
65.131176	23.275000
65.151619	23.248000
65.172062	23.220000
65.192505	23.192000
65.212948	23.162000
65.233391	23.132000
65.253834	23.101000
65.274277	23.071000
65.294720	23.040000
65.315163	23.011000
65.335606	22.984000
65.356049	22.956000
65.376492	22.929000
65.396935	22.901000
65.417377	22.874000
65.437820	22.847000
65.458263	22.822000
65.478706	22.799000
65.499149	22.777000
65.519592	22.757000
65.540035	22.738000
65.560478	22.722000
65.580921	22.707000
65.601364	22.694000
65.621807	22.683000
65.642250	22.673000
65.662693	22.664000
65.683136	22.657000
65.703578	22.649000
65.724021	22.642000
65.744464	22.634000
65.764907	22.628000
65.785350	22.623000
65.805793	22.619000
65.826236	22.617000
65.846679	22.614000
65.867122	22.612000
65.887565	22.610000
65.908008	22.607000
65.928451	22.604000
65.948894	22.602000
65.969337	22.598000
65.989779	22.596000
66.010222	22.593000
66.030665	22.591000
66.051108	22.590000
66.071551	22.589000
66.091994	22.588000
66.112437	22.587000
66.132880	22.588000
66.153323	22.591000
66.173766	22.595000
66.194209	22.599000
66.214652	22.604000
66.235095	22.610000
66.255538	22.618000
66.275981	22.627000
66.296423	22.638000
66.316866	22.648000
66.337309	22.660000
66.357752	22.672000
66.378195	22.684000
66.398638	22.696000
66.419081	22.709000
66.439524	22.720000
66.459967	22.732000
66.480410	22.743000
66.500853	22.756000
66.521296	22.769000
66.541739	22.780000
66.562182	22.791000
66.582624	22.802000
66.603067	22.813000
66.623510	22.821000
66.643953	22.829000
66.664396	22.834000
66.684839	22.839000
66.705282	22.843000
66.725725	22.847000
66.746168	22.849000
66.766611	22.851000
66.787054	22.852000
66.807497	22.853000
66.827940	22.854000
66.848383	22.854000
66.868825	22.855000
66.889268	22.854000
66.909711	22.853000
66.930154	22.850000
66.950597	22.846000
66.971040	22.842000
66.991483	22.838000
67.011926	22.833000
67.032369	22.827000
67.052812	22.822000
67.073255	22.817000
67.093698	22.813000
67.114141	22.808000
67.134584	22.803000
67.155027	22.797000
67.175469	22.792000
67.195912	22.785000
67.216355	22.779000
67.236798	22.773000
67.257241	22.765000
67.277684	22.759000
67.298127	22.753000
67.318570	22.748000
67.339013	22.743000
67.359456	22.738000
67.379899	22.733000
67.400342	22.728000
67.420785	22.724000
67.441228	22.720000
67.461670	22.715000
67.482113	22.710000
67.502556	22.704000
67.522999	22.698000
67.543442	22.693000
67.563885	22.687000
67.584328	22.683000
67.604771	22.679000
67.625214	22.675000
67.645657	22.672000
67.666100	22.668000
67.686543	22.664000
67.706986	22.659000
67.727429	22.654000
67.747872	22.649000
67.768314	22.644000
67.788757	22.639000
67.809200	22.635000
67.829643	22.630000
67.850086	22.624000
67.870529	22.619000
67.890972	22.615000
67.911415	22.610000
67.931858	22.607000
67.952301	22.604000
67.972744	22.598000
67.993187	22.592000
68.013630	22.586000
68.034073	22.580000
68.054515	22.574000
68.074958	22.568000
68.095401	22.561000
68.115844	22.555000
68.136287	22.551000
68.156730	22.545000
68.177173	22.538000
68.197616	22.531000
68.218059	22.524000
68.238502	22.518000
68.258945	22.512000
68.279388	22.508000
68.299831	22.503000
68.320274	22.498000
68.340716	22.493000
68.361159	22.490000
68.381602	22.487000
68.402045	22.485000
68.422488	22.483000
68.442931	22.481000
68.463374	22.479000
68.483817	22.478000
68.504260	22.477000
68.524703	22.475000
68.545146	22.474000
68.565589	22.473000
68.586032	22.471000
68.606475	22.471000
68.626918	22.471000
68.647360	22.470000
68.667803	22.469000
68.688246	22.467000
68.708689	22.465000
68.729132	22.462000
68.749575	22.460000
68.770018	22.457000
68.790461	22.454000
68.810904	22.451000
68.831347	22.447000
68.851790	22.444000
68.872233	22.440000
68.892676	22.435000
68.913119	22.430000
68.933561	22.424000
68.954004	22.419000
68.974447	22.412000
68.994890	22.406000
69.015333	22.399000
69.035776	22.392000
69.056219	22.385000
69.076662	22.379000
69.097105	22.374000
69.117548	22.368000
69.137991	22.363000
69.158434	22.356000
69.178877	22.349000
69.199320	22.341000
69.219762	22.334000
69.240205	22.325000
69.260648	22.318000
69.281091	22.311000
69.301534	22.305000
69.321977	22.300000
69.342420	22.296000
69.362863	22.292000
69.383306	22.288000
69.403749	22.285000
69.424192	22.283000
69.444635	22.281000
69.465078	22.278000
69.485521	22.274000
69.505964	22.270000
69.526406	22.265000
69.546849	22.262000
69.567292	22.257000
69.587735	22.254000
69.608178	22.250000
69.628621	22.247000
69.649064	22.244000
69.669507	22.239000
69.689950	22.234000
69.710393	22.228000
69.730836	22.221000
69.751279	22.214000
69.771722	22.207000
69.792165	22.200000
69.812607	22.192000
69.833050	22.184000
69.853493	22.176000
69.873936	22.168000
69.894379	22.159000
69.914822	22.151000
69.935265	22.144000
69.955708	22.136000
69.976151	22.128000
69.996594	22.120000
70.017037	22.114000
70.037480	22.107000
70.057923	22.100000
70.078366	22.093000
70.098809	22.087000
70.119251	22.081000
70.139694	22.076000
70.160137	22.071000
70.180580	22.066000
70.201023	22.062000
70.221466	22.058000
70.241909	22.054000
70.262352	22.052000
70.282795	22.049000
70.303238	22.047000
70.323681	22.045000
70.344124	22.044000
70.364567	22.043000
70.385010	22.042000
70.405452	22.040000
70.425895	22.040000
70.446338	22.039000
70.466781	22.039000
70.487224	22.039000
70.507667	22.039000
70.528110	22.040000
70.548553	22.040000
70.568996	22.039000
70.589439	22.036000
70.609882	22.034000
70.630325	22.031000
70.650768	22.026000
70.671211	22.021000
70.691653	22.015000
70.712096	22.010000
70.732539	22.003000
70.752982	21.998000
70.773425	21.992000
70.793868	21.987000
70.814311	21.982000
70.834754	21.976000
70.855197	21.970000
70.875640	21.964000
70.896083	21.957000
70.916526	21.951000
70.936969	21.945000
70.957412	21.939000
70.977855	21.934000
70.998297	21.929000
71.018740	21.923000
71.039183	21.918000
71.059626	21.914000
71.080069	21.911000
71.100512	21.906000
71.120955	21.905000
71.141398	21.901000
71.161841	21.897000
71.182284	21.890000
71.202727	21.883000
71.223170	21.880000
71.243613	21.876000
71.264056	21.874000
71.284498	21.872000
71.304941	21.869000
71.325384	21.865000
71.345827	21.861000
71.366270	21.857000
71.386713	21.853000
71.407156	21.848000
71.427599	36.333000
71.448042	36.419000
71.468485	36.416000
71.488928	36.404000
71.509371	36.410000
71.529814	36.416000
71.550257	36.404000
71.570699	36.414000
71.591142	36.409000
71.611585	36.412000
71.632028	36.413000
71.652471	36.412000
71.672914	36.406000
71.693357	36.414000
71.713800	36.414000
71.734243	36.417000
71.754686	36.409000
71.775129	36.418000
71.795572	36.404000
71.816015	36.417000
71.836458	28.479000
71.856901	0.000000
71.877343	0.000000
71.897786	0.000000
71.918229	0.000000
71.938672	0.000000
71.959115	0.000000
71.979558	0.000000
72.000001	0.000000
72.020444	0.000000
72.040887	0.000000
72.061330	0.000000
72.081773	0.000000
72.102216	0.000000
72.122659	0.000000
72.143102	0.000000
72.163544	0.000000
72.183987	0.000000
72.204430	0.000000
72.224873	0.000000
72.245316	0.000000
72.265759	0.000000
72.286202	0.000000
72.306645	8.003000
72.327088	10.660000
72.347531	11.624000
72.367974	12.228000
72.388417	12.650000
72.408860	12.981000
72.429303	13.249000
72.449746	13.435000
72.470188	13.589000
72.490631	13.764000
72.511074	13.941000
72.531517	14.104000
72.551960	14.267000
72.572403	14.385000
72.592846	14.572000
72.613289	14.675000
72.633732	14.793000
72.654175	14.940000
72.674618	15.086000
72.695061	15.270000
72.715504	15.417000
72.735947	15.556000
72.756389	15.686000
72.776832	15.814000
72.797275	15.930000
72.817718	16.030000
72.838161	16.124000
72.858604	16.195000
72.879047	16.250000
72.899490	16.283000
72.919933	16.303000
72.940376	16.312000
72.960819	16.312000
72.981262	16.283000
73.001705	16.264000
73.022148	16.215000
73.042590	16.170000
73.063033	16.109000
73.083476	16.002000
73.103919	15.902000
73.124362	15.778000
73.144805	15.648000
73.165248	15.488000
73.185691	15.300000
73.206134	15.078000
73.226577	14.821000
73.247020	14.562000
73.267463	14.279000
73.287906	13.982000
73.308349	13.655000
73.328792	13.381000
73.349234	13.003000
73.369677	12.624000
73.390120	12.101000
73.410563	11.624000
73.431006	10.844000
73.451449	9.715000
73.471892	7.774000
73.492335	0.000000
73.512778	0.000000
73.533221	0.000000
73.553664	0.000000
73.574107	0.000000
73.594550	0.000000
73.614993	0.000000
73.635435	0.000000
73.655878	0.000000
73.676321	0.000000
73.696764	0.000000
73.717207	0.000000
73.737650	0.000000
73.758093	0.000000
73.778536	0.000000
73.798979	0.000000
73.819422	0.000000
73.839865	0.000000
73.860308	0.000000
73.880751	0.000000
73.901194	0.000000
73.921636	0.000000
73.942079	0.000000
73.962522	0.000000
73.982965	0.000000
74.003408	0.000000
74.023851	0.000000
74.044294	0.000000
74.064737	0.000000
74.085180	0.000000
74.105623	0.000000
74.126066	0.000000
74.146509	0.000000
74.166952	0.000000
74.187395	0.000000
74.207838	3.003000
74.228280	8.003000
74.248723	9.508000
74.269166	10.078000
74.289609	10.660000
74.310052	10.844000
74.330495	11.013000
74.350938	11.119000
74.371381	11.067000
74.391824	11.269000
74.412267	11.454000
74.432710	11.665000
74.453153	11.965000
74.473596	12.320000
74.494039	12.725000
74.514481	13.025000
74.534924	13.268000
74.555367	13.470000
74.575810	13.622000
74.596253	13.840000
74.616696	14.010000
74.637139	14.142000
74.657582	14.339000
74.678025	14.442000
74.698468	14.583000
74.718911	14.635000
74.739354	14.705000
74.759797	14.735000
74.780240	14.745000
74.800683	14.764000
74.821125	14.735000
74.841568	14.675000
74.862011	14.604000
74.882454	14.475000
74.902897	14.327000
74.923340	14.104000
74.943783	13.854000
74.964226	13.539000
74.984669	13.088000
75.005112	12.598000
75.025555	12.034000
75.045998	11.317000
75.066441	10.529000
75.086884	9.155000
75.107326	7.518000
75.127769	0.000000
75.148212	0.000000
75.168655	0.000000
75.189098	0.000000
75.209541	0.000000
75.229984	0.000000
75.250427	0.000000
75.270870	0.000000
75.291313	0.000000
75.311756	0.000000
75.332199	0.000000
75.352642	0.000000
75.373085	0.000000
75.393527	0.000000
75.413970	0.000000
75.434413	0.000000
75.454856	0.000000
75.475299	0.000000
75.495742	0.000000
75.516185	0.000000
75.536628	0.000000
75.557071	0.000000
75.577514	0.000000
75.597957	0.000000
75.618400	0.000000
75.638843	0.000000
75.659286	0.000000
75.679729	0.000000
75.700171	0.000000
75.720614	0.000000
75.741057	0.000000
75.761500	0.000000
75.781943	0.000000
75.802386	0.000000
75.822829	0.000000
75.843272	0.000000
75.863715	0.000000
75.884158	0.000000
75.904601	0.000000
75.925044	3.003000
75.945487	8.734000
75.965930	9.993000
75.986372	10.529000
76.006815	10.958000
76.027258	11.269000
76.047701	11.744000
76.068144	12.133000
76.088587	12.407000
76.109030	12.650000
76.129473	12.845000
76.149916	12.937000
76.170359	12.981000
76.190802	12.937000
76.211245	12.914000
76.231688	12.822000
76.252131	12.750000
76.272574	12.572000
76.293016	12.435000
76.313459	12.290000
76.333902	12.034000
76.354345	11.744000
76.374788	11.363000
76.395231	11.013000
76.415674	10.596000
76.436117	9.614000
76.456560	8.003000
76.477003	0.000000
76.497446	0.000000
76.517889	0.000000
76.538332	0.000000
76.558775	0.000000
76.579217	0.000000
76.599660	0.000000
76.620103	0.000000
76.640546	0.000000
76.660989	0.000000
76.681432	0.000000
76.701875	0.000000
76.722318	0.000000
76.742761	0.000000
76.763204	0.000000
76.783647	0.000000
76.804090	0.000000
76.824533	0.000000
76.844976	0.000000
76.865418	0.000000
76.885861	0.000000
76.906304	0.000000
76.926747	0.000000
76.947190	0.000000
76.967633	0.000000
76.988076	0.000000
77.008519	0.000000
77.028962	0.000000
77.049405	0.000000
77.069848	0.000000
77.090291	0.000000
77.110734	0.000000
77.131177	0.000000
77.151620	0.000000
77.172062	0.000000
77.192505	0.000000
77.212948	0.000000
77.233391	0.000000
77.253834	0.000000
77.274277	0.000000
77.294720	0.000000
77.315163	0.000000
77.335606	0.000000
77.356049	0.000000
77.376492	0.000000
77.396935	0.000000
77.417378	0.000000
77.437821	0.000000
77.458263	0.000000
77.478706	0.000000
77.499149	0.000000
77.519592	0.000000
77.540035	0.000000
77.560478	0.000000
77.580921	0.000000
77.601364	0.000000
77.621807	0.000000
77.642250	0.000000
77.662693	0.000000
77.683136	0.000000
77.703579	0.000000
77.724022	0.000000
77.744464	0.000000
77.764907	0.000000
77.785350	0.000000
77.805793	0.000000
77.826236	0.000000
77.846679	0.000000
77.867122	0.000000
77.887565	0.000000
77.908008	0.000000
77.928451	0.000000
77.948894	0.000000
77.969337	0.000000
77.989780	0.000000
78.010223	6.894000
78.030666	8.883000
78.051108	9.508000
78.071551	10.078000
78.091994	10.844000
78.112437	11.317000
78.132880	11.744000
78.153323	12.068000
78.173766	12.349000
78.194209	12.518000
78.214652	12.701000
78.235095	12.959000
78.255538	13.150000
78.275981	13.306000
78.296424	13.470000
78.316867	13.556000
78.337309	13.606000
78.357752	13.671000
78.378195	13.702000
78.398638	13.734000
78.419081	13.749000
78.439524	13.749000
78.459967	13.764000
78.480410	13.795000
78.500853	13.883000
78.521296	13.898000
78.541739	13.840000
78.562182	13.810000
78.582625	13.795000
78.603068	13.734000
78.623511	13.655000
78.643953	13.606000
78.664396	13.539000
78.684839	13.470000
78.705282	13.399000
78.725725	13.249000
78.746168	13.230000
78.766611	13.190000
78.787054	13.130000
78.807497	13.109000
78.827940	13.170000
78.848383	13.249000
78.868826	13.288000
78.889269	13.190000
78.909712	13.088000
78.930154	13.046000
78.950597	12.959000
78.971040	12.892000
78.991483	12.892000
79.011926	12.845000
79.032369	12.798000
79.052812	12.675000
79.073255	12.545000
79.093698	12.378000
79.114141	12.290000
79.134584	12.101000
79.155027	11.965000
79.175470	11.705000
79.195913	11.317000
79.216355	10.958000
79.236798	10.460000
79.257241	9.397000
79.277684	7.774000
79.298127	4.508000
79.318570	0.000000
79.339013	0.000000
79.359456	0.000000
79.379899	0.000000
79.400342	0.000000
79.420785	0.000000
79.441228	0.000000
79.461671	0.000000
79.482114	0.000000
79.502557	0.000000
79.522999	0.000000
79.543442	0.000000
79.563885	0.000000
79.584328	0.000000
79.604771	0.000000
79.625214	0.000000
79.645657	0.000000
79.666100	0.000000
79.686543	0.000000
79.706986	5.389000
79.727429	6.498000
79.747872	8.003000
79.768315	8.883000
79.788758	9.397000
79.809200	9.614000
79.829643	9.614000
79.850086	9.279000
79.870529	8.883000
79.890972	8.399000
79.911415	7.518000
79.931858	0.000000
79.952301	0.000000
79.972744	0.000000
79.993187	0.000000
80.013630	0.000000
80.034073	0.000000
80.054516	0.000000
80.074959	0.000000
80.095401	0.000000
80.115844	0.000000
80.136287	0.000000
80.156730	0.000000
80.177173	0.000000
80.197616	0.000000
80.218059	0.000000
80.238502	0.000000
80.258945	0.000000
80.279388	0.000000
80.299831	0.000000
80.320274	0.000000
80.340717	0.000000
80.361160	0.000000
80.381603	0.000000
80.402045	0.000000
80.422488	0.000000
80.442931	0.000000
80.463374	0.000000
80.483817	0.000000
80.504260	0.000000
80.524703	0.000000
80.545146	0.000000
80.565589	0.000000
80.586032	0.000000
80.606475	0.000000
80.626918	0.000000
80.647361	0.000000
80.667804	0.000000
80.688246	0.000000
80.708689	0.000000
80.729132	0.000000
80.749575	0.000000
80.770018	0.000000
80.790461	0.000000
80.810904	0.000000
80.831347	0.000000
80.851790	0.000000
80.872233	0.000000
80.892676	0.000000
80.913119	3.003000
80.933562	9.155000
80.954005	10.389000
80.974448	11.013000
80.994890	11.541000
81.015333	11.965000
81.035776	12.407000
81.056219	12.822000
81.076662	13.210000
81.097105	13.556000
81.117548	13.810000
81.137991	14.064000
81.158434	14.255000
81.178877	14.408000
81.199320	14.486000
81.219763	14.530000
81.240206	14.540000
81.260649	14.497000
81.281091	14.442000
81.301534	14.362000
81.321977	14.243000
81.342420	14.130000
81.362863	14.037000
81.383306	13.883000
81.403749	13.671000
81.424192	13.381000
81.444635	13.046000
81.465078	12.463000
81.485521	11.744000
81.505964	10.596000
81.526407	7.774000
81.546850	0.000000
81.567292	0.000000
81.587735	0.000000
81.608178	0.000000
81.628621	0.000000
81.649064	0.000000
81.669507	0.000000
81.689950	0.000000
81.710393	0.000000
81.730836	0.000000
81.751279	0.000000
81.771722	0.000000
81.792165	0.000000
81.812608	0.000000
81.833051	0.000000
81.853494	0.000000
81.873936	0.000000
81.894379	0.000000
81.914822	5.389000
81.935265	7.518000
81.955708	9.024000
81.976151	9.397000
81.996594	9.715000
82.017037	9.155000
82.037480	6.894000
82.057923	0.000000
82.078366	0.000000
82.098809	0.000000
82.119252	0.000000
82.139695	0.000000
82.160137	0.000000
82.180580	0.000000
82.201023	0.000000
82.221466	0.000000
82.241909	0.000000
82.262352	0.000000
82.282795	0.000000
82.303238	0.000000
82.323681	0.000000
82.344124	0.000000
82.364567	0.000000
82.385010	0.000000
82.405453	0.000000
82.425896	0.000000
82.446338	0.000000
82.466781	0.000000
82.487224	0.000000
82.507667	0.000000
82.528110	0.000000
82.548553	0.000000
82.568996	0.000000
82.589439	0.000000
82.609882	0.000000
82.630325	0.000000
82.650768	0.000000
82.671211	0.000000
82.691654	0.000000
82.712097	0.000000
82.732540	0.000000
82.752982	0.000000
82.773425	0.000000
82.793868	0.000000
82.814311	7.518000
82.834754	9.397000
82.855197	9.812000
82.875640	10.239000
82.896083	10.315000
82.916526	10.389000
82.936969	10.723000
82.957412	10.902000
82.977855	11.220000
82.998298	11.583000
83.018741	12.034000
83.039183	12.290000
83.059626	12.572000
83.080069	12.650000
83.100512	12.701000
83.120955	12.750000
83.141398	12.725000
83.161841	12.650000
83.182284	12.491000
83.202727	12.290000
83.223170	12.133000
83.243613	12.000000
83.264056	11.820000
83.284499	11.820000
83.304942	11.705000
83.325385	11.583000
83.345827	11.583000
83.366270	11.583000
83.386713	11.498000
83.407156	11.363000
83.427599	11.013000
83.448042	10.460000
83.468485	9.993000
83.488928	9.155000
83.509371	8.003000
83.529814	7.228000
83.550257	6.498000
83.570700	7.228000
83.591143	7.228000
83.611586	6.894000
83.632028	6.894000
83.652471	6.013000
83.672914	4.508000
83.693357	6.013000
83.713800	6.894000
83.734243	6.894000
83.754686	6.498000
83.775129	0.000000
83.795572	0.000000
83.816015	0.000000
83.836458	0.000000
83.856901	0.000000
83.877344	0.000000
83.897787	0.000000
83.918229	5.389000
83.938672	3.003000
83.959115	0.000000
83.979558	0.000000
84.000001	0.000000
84.020444	0.000000
84.040887	0.000000
84.061330	0.000000
84.081773	0.000000
84.102216	0.000000
84.122659	0.000000
84.143102	0.000000
84.163545	0.000000
84.183988	0.000000
84.204431	0.000000
84.224873	0.000000
84.245316	0.000000
84.265759	0.000000
84.286202	0.000000
84.306645	0.000000
84.327088	0.000000
84.347531	0.000000
84.367974	0.000000
84.388417	0.000000
84.408860	0.000000
84.429303	0.000000
84.449746	0.000000
84.470189	0.000000
84.490632	3.003000
84.511074	8.210000
84.531517	9.715000
84.551960	10.460000
84.572403	11.013000
84.592846	11.170000
84.613289	11.220000
84.633732	11.170000
84.654175	11.067000
84.674618	10.902000
84.695061	11.170000
84.715504	11.317000
84.735947	11.409000
84.756390	11.363000
84.776833	11.013000
84.797275	10.596000
84.817718	10.078000
84.838161	9.155000
84.858604	8.003000
84.879047	7.774000
84.899490	7.228000
84.919933	7.774000
84.940376	8.003000
84.960819	8.210000
84.981262	9.024000
85.001705	9.812000
85.022148	10.389000
85.042591	10.958000
85.063034	11.498000
85.083477	11.857000
85.103919	12.166000
85.124362	12.378000
85.144805	12.572000
85.165248	12.869000
85.185691	13.088000
85.206134	13.268000
85.226577	13.453000
85.247020	13.606000
85.267463	13.671000
85.287906	13.718000
85.308349	13.655000
85.328792	13.606000
85.349235	13.488000
85.369678	13.306000
85.390120	13.067000
85.410563	12.845000
85.431006	12.518000
85.451449	12.068000
85.471892	11.624000
85.492335	10.844000
85.512778	9.715000
85.533221	6.498000
85.553664	0.000000
85.574107	0.000000
85.594550	0.000000
85.614993	0.000000
85.635436	0.000000
85.655879	0.000000
85.676322	0.000000
85.696764	0.000000
85.717207	0.000000
85.737650	0.000000
85.758093	0.000000
85.778536	0.000000
85.798979	0.000000
85.819422	0.000000
85.839865	0.000000
85.860308	0.000000
85.880751	0.000000
85.901194	0.000000
85.921637	0.000000
85.942080	0.000000
85.962523	0.000000
85.982965	0.000000
86.003408	0.000000
86.023851	0.000000
86.044294	0.000000
86.064737	0.000000
86.085180	0.000000
86.105623	0.000000
86.126066	7.518000
86.146509	9.812000
86.166952	10.723000
86.187395	11.454000
86.207838	11.857000
86.228281	12.320000
86.248724	12.572000
86.269166	12.624000
86.289609	12.750000
86.310052	12.798000
86.330495	12.822000
86.350938	12.675000
86.371381	12.463000
86.391824	12.228000
86.412267	11.894000
86.432710	11.363000
86.453153	10.902000
86.473596	10.078000
86.494039	8.883000
86.514482	4.508000
86.534925	0.000000
86.555368	0.000000
86.575810	0.000000
86.596253	0.000000
86.616696	0.000000
86.637139	0.000000
86.657582	0.000000
86.678025	0.000000
86.698468	0.000000
86.718911	0.000000
86.739354	0.000000
86.759797	0.000000
86.780240	0.000000
86.800683	0.000000
86.821126	0.000000
86.841569	0.000000
86.862011	0.000000
86.882454	0.000000
86.902897	0.000000
86.923340	0.000000
86.943783	0.000000
86.964226	0.000000
86.984669	0.000000
87.005112	0.000000
87.025555	0.000000
87.045998	0.000000
87.066441	0.000000
87.086884	0.000000
87.107327	0.000000
87.127770	0.000000
87.148212	0.000000
87.168655	0.000000
87.189098	0.000000
87.209541	0.000000
87.229984	0.000000
87.250427	0.000000
87.270870	0.000000
87.291313	0.000000
87.311756	0.000000
87.332199	0.000000
87.352642	0.000000
87.373085	0.000000
87.393528	0.000000
87.413971	0.000000
87.434414	0.000000
87.454856	0.000000
87.475299	0.000000
87.495742	0.000000
87.516185	0.000000
87.536628	0.000000
87.557071	0.000000
87.577514	0.000000
87.597957	0.000000
87.618400	0.000000
87.638843	0.000000
87.659286	6.894000
87.679729	8.210000
87.700172	9.614000
87.720615	10.239000
87.741057	10.785000
87.761500	11.170000
87.781943	11.409000
87.802386	11.583000
87.822829	11.930000
87.843272	12.101000
87.863715	12.378000
87.884158	12.518000
87.904601	12.774000
87.925044	13.003000
87.945487	13.190000
87.965930	13.249000
87.986373	13.249000
88.006816	13.150000
88.027259	13.067000
88.047701	12.892000
88.068144	12.701000
88.088587	12.435000
88.109030	12.101000
88.129473	11.624000
88.149916	11.119000
88.170359	10.660000
88.190802	10.078000
88.211245	9.397000
88.231688	8.399000
88.252131	0.000000
88.272574	0.000000
88.293017	0.000000
88.313460	0.000000
88.333902	0.000000
88.354345	0.000000
88.374788	0.000000
88.395231	0.000000
88.415674	0.000000
88.436117	0.000000
88.456560	0.000000
88.477003	0.000000
88.497446	0.000000
88.517889	0.000000
88.538332	0.000000
88.558775	8.003000
88.579218	9.993000
88.599661	10.529000
88.620103	11.119000
88.640546	11.624000
88.660989	11.965000
88.681432	12.320000
88.701875	12.435000
88.722318	12.675000
88.742761	12.798000
88.763204	12.892000
88.783647	12.845000
88.804090	12.750000
88.824533	12.518000
88.844976	12.228000
88.865419	11.782000
88.885862	11.269000
88.906305	10.529000
88.926747	8.883000
88.947190	0.000000
88.967633	0.000000
88.988076	0.000000
89.008519	0.000000
89.028962	0.000000
89.049405	0.000000
89.069848	0.000000
89.090291	0.000000
89.110734	0.000000
89.131177	0.000000
89.151620	0.000000
89.172063	0.000000
89.192506	0.000000
89.212948	0.000000
89.233391	0.000000
89.253834	0.000000
89.274277	7.774000
89.294720	10.389000
89.315163	11.583000
89.335606	12.290000
89.356049	12.892000
89.376492	13.288000
89.396935	13.573000
89.417378	13.764000
89.437821	13.926000
89.458264	14.037000
89.478707	14.168000
89.499149	14.279000
89.519592	14.362000
89.540035	14.420000
89.560478	14.464000
89.580921	14.497000
89.601364	14.486000
89.621807	14.420000
89.642250	14.315000
89.662693	14.130000
89.683136	13.898000
89.703579	13.622000
89.724022	13.288000
89.744465	12.822000
89.764908	12.290000
89.785351	11.498000
89.805793	10.460000
89.826236	8.573000
89.846679	0.000000
89.867122	0.000000
89.887565	0.000000
89.908008	0.000000
89.928451	0.000000
89.948894	0.000000
89.969337	0.000000
89.989780	0.000000
90.010223	0.000000
90.030666	0.000000
90.051109	0.000000
90.071552	0.000000
90.091994	0.000000
90.112437	0.000000
90.132880	0.000000
90.153323	0.000000
90.173766	0.000000
90.194209	0.000000
90.214652	0.000000
90.235095	0.000000
90.255538	0.000000
90.275981	0.000000
90.296424	0.000000
90.316867	0.000000
90.337310	7.228000
90.357753	9.812000
90.378196	10.723000
90.398638	11.454000
90.419081	11.894000
90.439524	12.133000
90.459967	12.378000
90.480410	12.435000
90.500853	12.491000
90.521296	12.491000
90.541739	12.491000
90.562182	12.545000
90.582625	12.624000
90.603068	12.598000
90.623511	12.572000
90.643954	12.572000
90.664397	12.463000
90.684839	12.320000
90.705282	12.101000
90.725725	11.857000
90.746168	11.541000
90.766611	11.119000
90.787054	10.389000
90.807497	9.904000
90.827940	9.397000
90.848383	8.399000
90.868826	8.003000
90.889269	7.518000
90.909712	7.774000
90.930155	6.894000
90.950598	4.508000
90.971040	0.000000
90.991483	0.000000
91.011926	0.000000
91.032369	0.000000
91.052812	0.000000
91.073255	0.000000
91.093698	0.000000
91.114141	0.000000
91.134584	0.000000
91.155027	0.000000
91.175470	0.000000
91.195913	0.000000
91.216356	0.000000
91.236799	0.000000
91.257242	0.000000
91.277684	0.000000
91.298127	0.000000
91.318570	0.000000
91.339013	0.000000
91.359456	0.000000
91.379899	0.000000
91.400342	0.000000
91.420785	0.000000
91.441228	0.000000
91.461671	0.000000
91.482114	0.000000
91.502557	0.000000
91.523000	0.000000
91.543443	0.000000
91.563885	0.000000
91.584328	0.000000
91.604771	0.000000
91.625214	0.000000
91.645657	0.000000
91.666100	0.000000
91.686543	0.000000
91.706986	0.000000
91.727429	0.000000
91.747872	0.000000
91.768315	0.000000
91.788758	0.000000
91.809201	0.000000
91.829644	0.000000
91.850087	0.000000
91.870529	0.000000
91.890972	0.000000
91.911415	0.000000
91.931858	0.000000
91.952301	0.000000
91.972744	0.000000
91.993187	0.000000
92.013630	8.003000
92.034073	10.239000
92.054516	11.170000
92.074959	11.782000
92.095402	12.320000
92.115845	12.725000
92.136288	13.025000
92.156730	13.210000
92.177173	13.362000
92.197616	13.399000
92.218059	13.435000
92.238502	13.435000
92.258945	13.453000
92.279388	13.470000
92.299831	13.539000
92.320274	13.488000
92.340717	13.417000
92.361160	13.325000
92.381603	13.249000
92.402046	13.088000
92.422489	12.937000
92.442931	12.750000
92.463374	12.650000
92.483817	12.624000
92.504260	12.572000
92.524703	12.435000
92.545146	12.435000
92.565589	12.435000
92.586032	12.545000
92.606475	12.598000
92.626918	12.750000
92.647361	12.914000
92.667804	13.003000
92.688247	13.025000
92.708690	13.130000
92.729133	13.190000
92.749575	13.268000
92.770018	13.344000
92.790461	13.325000
92.810904	13.344000
92.831347	13.306000
92.851790	13.288000
92.872233	13.170000
92.892676	13.025000
92.913119	12.701000
92.933562	12.166000
92.954005	11.583000
92.974448	10.660000
92.994891	9.508000
93.015334	6.894000
93.035776	0.000000
93.056219	0.000000
93.076662	0.000000
93.097105	0.000000
93.117548	0.000000
93.137991	0.000000
93.158434	0.000000
93.178877	0.000000
93.199320	0.000000
93.219763	0.000000
93.240206	0.000000
93.260649	0.000000
93.281092	0.000000
93.301535	0.000000
93.321977	0.000000
93.342420	0.000000
93.362863	0.000000
93.383306	0.000000
93.403749	0.000000
93.424192	0.000000
93.444635	0.000000
93.465078	0.000000
93.485521	0.000000
93.505964	0.000000
93.526407	0.000000
93.546850	0.000000
93.567293	0.000000
93.587736	0.000000
93.608179	0.000000
93.628621	7.518000
93.649064	10.078000
93.669507	11.220000
93.689950	11.965000
93.710393	12.491000
93.730836	12.822000
93.751279	13.067000
93.771722	13.325000
93.792165	13.573000
93.812608	13.825000
93.833051	14.051000
93.853494	14.231000
93.873937	14.315000
93.894380	14.374000
93.914822	14.385000
93.935265	14.362000
93.955708	14.362000
93.976151	14.351000
93.996594	14.339000
94.017037	14.303000
94.037480	14.193000
94.057923	14.077000
94.078366	13.898000
94.098809	13.639000
94.119252	13.362000
94.139695	13.088000
94.160138	12.798000
94.180581	12.378000
94.201024	11.820000
94.221466	11.067000
94.241909	9.715000
94.262352	6.894000
94.282795	0.000000
94.303238	0.000000
94.323681	0.000000
94.344124	0.000000
94.364567	0.000000
94.385010	0.000000
94.405453	0.000000
94.425896	0.000000
94.446339	0.000000
94.466782	0.000000
94.487225	0.000000
94.507667	0.000000
94.528110	0.000000
94.548553	0.000000
94.568996	0.000000
94.589439	0.000000
94.609882	0.000000
94.630325	0.000000
94.650768	0.000000
94.671211	0.000000
94.691654	0.000000
94.712097	0.000000
94.732540	0.000000
94.752983	0.000000
94.773426	0.000000
94.793868	0.000000
94.814311	0.000000
94.834754	0.000000
94.855197	0.000000
94.875640	0.000000
94.896083	0.000000
94.916526	0.000000
94.936969	0.000000
94.957412	0.000000
94.977855	0.000000
94.998298	0.000000
95.018741	0.000000
95.039184	0.000000
95.059627	0.000000
95.080070	0.000000
95.100512	0.000000
95.120955	0.000000
95.141398	0.000000
95.161841	0.000000
95.182284	0.000000
95.202727	0.000000
95.223170	0.000000
95.243613	0.000000
95.264056	0.000000
95.284499	0.000000
95.304942	0.000000
95.325385	0.000000
95.345828	0.000000
95.366271	0.000000
95.386713	0.000000
95.407156	0.000000
95.427599	0.000000
95.448042	0.000000
95.468485	0.000000
95.488928	0.000000
95.509371	0.000000
95.529814	0.000000
95.550257	0.000000
95.570700	0.000000
95.591143	0.000000
95.611586	0.000000
95.632029	0.000000
95.652472	0.000000
95.672914	0.000000
95.693357	0.000000
95.713800	0.000000
95.734243	0.000000
95.754686	0.000000
95.775129	0.000000
95.795572	0.000000
95.816015	0.000000
95.836458	0.000000
95.856901	0.000000
95.877344	0.000000
95.897787	0.000000
95.918230	0.000000
95.938673	0.000000
95.959116	5.389000
95.979558	8.573000
96.000001	10.160000
96.020444	11.119000
96.040887	11.583000
96.061330	12.034000
96.081773	12.407000
96.102216	12.798000
96.122659	13.210000
96.143102	13.505000
96.163545	13.749000
96.183988	13.926000
96.204431	14.037000
96.224874	14.130000
96.245317	14.255000
96.265759	14.291000
96.286202	14.279000
96.306645	14.218000
96.327088	14.193000
96.347531	14.104000
96.367974	14.024000
96.388417	13.869000
96.408860	13.734000
96.429303	13.573000
96.449746	13.362000
96.470189	13.210000
96.490632	13.003000
96.511075	12.774000
96.531518	12.491000
96.551961	12.068000
96.572403	11.624000
96.592846	10.844000
96.613289	9.904000
96.633732	6.894000
96.654175	0.000000
96.674618	0.000000
96.695061	0.000000
96.715504	0.000000
96.735947	0.000000
96.756390	0.000000
96.776833	0.000000
96.797276	0.000000
96.817719	0.000000
96.838162	0.000000
96.858604	0.000000
96.879047	0.000000
96.899490	0.000000
96.919933	0.000000
96.940376	0.000000
96.960819	0.000000
96.981262	0.000000
97.001705	0.000000
97.022148	0.000000
97.042591	0.000000
97.063034	0.000000
97.083477	5.389000
97.103920	6.498000
97.124363	4.508000
97.144805	0.000000
97.165248	0.000000
97.185691	0.000000
97.206134	0.000000
97.226577	0.000000
97.247020	0.000000
97.267463	0.000000
97.287906	0.000000
97.308349	0.000000
97.328792	0.000000
97.349235	0.000000
97.369678	0.000000
97.390121	0.000000
97.410564	0.000000
97.431007	0.000000
97.451449	0.000000
97.471892	0.000000
97.492335	0.000000
97.512778	0.000000
97.533221	0.000000
97.553664	0.000000
97.574107	0.000000
97.594550	0.000000
97.614993	0.000000
97.635436	8.003000
97.655879	10.460000
97.676322	11.624000
97.696765	12.320000
97.717208	12.750000
97.737650	13.130000
97.758093	13.325000
97.778536	13.488000
97.798979	13.505000
97.819422	13.573000
97.839865	13.622000
97.860308	13.622000
97.880751	13.687000
97.901194	13.687000
97.921637	13.639000
97.942080	13.505000
97.962523	13.362000
97.982966	13.230000
98.003409	13.025000
98.023851	12.701000
98.044294	12.320000
98.064737	11.782000
98.085180	11.067000
98.105623	10.160000
98.126066	8.573000
98.146509	3.003000
98.166952	0.000000
98.187395	0.000000
98.207838	0.000000
98.228281	0.000000
98.248724	0.000000
98.269167	0.000000
98.289610	0.000000
98.310053	0.000000
98.330495	0.000000
98.350938	0.000000
98.371381	0.000000
98.391824	0.000000
98.412267	0.000000
98.432710	0.000000
98.453153	0.000000
98.473596	0.000000
98.494039	0.000000
98.514482	0.000000
98.534925	0.000000
98.555368	0.000000
98.575811	0.000000
98.596254	0.000000
98.616696	0.000000
98.637139	0.000000
98.657582	0.000000
98.678025	0.000000
98.698468	0.000000
98.718911	0.000000
98.739354	0.000000
98.759797	0.000000
98.780240	0.000000
98.800683	0.000000
98.821126	0.000000
98.841569	0.000000
98.862012	0.000000
98.882455	0.000000
98.902898	0.000000
98.923340	0.000000
98.943783	0.000000
98.964226	0.000000
98.984669	0.000000
99.005112	0.000000
99.025555	0.000000
99.045998	0.000000
99.066441	0.000000
99.086884	0.000000
99.107327	0.000000
99.127770	0.000000
99.148213	0.000000
99.168656	0.000000
99.189099	0.000000
99.209541	0.000000
99.229984	0.000000
99.250427	0.000000
99.270870	0.000000
99.291313	0.000000
99.311756	0.000000
99.332199	6.013000
99.352642	7.518000
99.373085	8.210000
99.393528	9.155000
99.413971	9.812000
99.434414	9.812000
99.454857	9.715000
99.475300	9.279000
99.495742	8.573000
99.516185	7.518000
99.536628	5.389000
99.557071	0.000000
99.577514	0.000000
99.597957	0.000000
99.618400	0.000000
99.638843	0.000000
99.659286	0.000000
99.679729	0.000000
99.700172	0.000000
99.720615	0.000000
99.741058	0.000000
99.761501	0.000000
99.781944	0.000000
99.802386	0.000000
99.822829	0.000000
99.843272	0.000000
99.863715	0.000000
99.884158	0.000000
99.904601	0.000000
99.925044	0.000000
99.945487	0.000000
99.965930	0.000000
99.986373	0.000000
100.006816	0.000000
100.027259	0.000000
100.047702	0.000000
100.068145	0.000000
100.088587	0.000000
100.109030	0.000000
100.129473	0.000000
100.149916	0.000000
100.170359	0.000000
100.190802	0.000000
100.211245	0.000000
100.231688	0.000000
100.252131	0.000000
100.272574	0.000000
100.293017	0.000000
100.313460	3.003000
100.333903	9.155000
100.354346	10.460000
100.374788	11.409000
100.395231	12.000000
100.415674	12.545000
100.436117	12.914000
100.456560	13.249000
100.477003	13.488000
100.497446	13.671000
100.517889	13.840000
100.538332	13.955000
100.558775	14.010000
100.579218	14.037000
100.599661	14.037000
100.620104	14.064000
100.640547	14.064000
100.660990	14.104000
100.681432	14.117000
100.701875	14.117000
100.722318	14.130000
100.742761	14.130000
100.763204	14.117000
100.783647	14.077000
100.804090	13.982000
100.824533	13.869000
100.844976	13.749000
100.865419	13.622000
100.885862	13.556000
100.906305	13.453000
100.926748	13.435000
100.947191	13.399000
100.967633	13.417000
100.988076	13.453000
101.008519	13.606000
101.028962	13.687000
101.049405	13.734000
101.069848	13.734000
101.090291	13.702000
101.110734	13.522000
101.131177	13.344000
101.151620	13.088000
101.172063	12.774000
101.192506	12.518000
101.212949	12.320000
101.233392	12.133000
101.253835	12.101000
101.274277	11.857000
101.294720	11.744000
101.315163	11.317000
101.335606	10.958000
101.356049	9.993000
101.376492	8.003000
101.396935	0.000000
101.417378	0.000000
101.437821	0.000000
101.458264	0.000000
101.478707	0.000000
101.499150	0.000000
101.519593	0.000000
101.540036	0.000000
101.560478	0.000000
101.580921	0.000000
101.601364	0.000000
101.621807	0.000000
101.642250	0.000000
101.662693	0.000000
101.683136	0.000000
101.703579	0.000000
101.724022	0.000000
101.744465	0.000000
101.764908	0.000000
101.785351	0.000000
101.805794	0.000000
101.826237	0.000000
101.846679	0.000000
101.867122	0.000000
101.887565	0.000000
101.908008	0.000000
101.928451	0.000000
101.948894	0.000000
101.969337	0.000000
101.989780	0.000000
102.010223	0.000000
102.030666	0.000000
102.051109	0.000000
102.071552	0.000000
102.091995	0.000000
102.112438	0.000000
102.132881	0.000000
102.153323	0.000000
102.173766	0.000000
102.194209	0.000000
102.214652	0.000000
